# callgrind format
version: 1
creator: callgrind-3.22.0
pid: 37574
cmd:  target/release/deps/bench-16caf08bffb047d9
part: 430


desc: I1 cache: 
desc: D1 cache: 
desc: LL cache: 

desc: Timerange: Basic block 23782545 - 23783651
desc: Trigger: Client Request: crypto/hmac/init/sha512_init [warm]

positions: line
events: Ir
summary: 10013


ob=(2) /usr/lib/x86_64-linux-gnu/libc.so.6
fl=(30) ./string/../sysdeps/x86_64/multiarch/memmove-vec-unaligned-erms.S
fn=(98) __memcpy_avx_unaligned_erms
255 2
+1 2
+6 2
+1 2
+2 2
+1 2
+1 2
+3 1
+1 1
+1 1
+3 2
386 1
+1 1
+5 1
+1 1
+24 1
+1 1
+4 1
+2 1
+4 1
+1 1
+11 1
+3 1
+2 1
+2 1
+4 1
+1 1
+9 1
+1 1
+2 1
+2 1
+1 1
+1 1
+3 1
+2 1
+2 1
+2 2
+6 1
+1 1
+1 1
+1 1
+1 1
+1 1
+1 1
+1 1
+1 1
+1 1
+1 1
+1 1
-11 8
+1 8
+1 8
+1 8
+1 8
+1 8
+1 8
+1 8
+1 8
+1 8
+1 8
+1 8
+2 1
+1 1
+1 1
+1 1
+2 1
+4 2

fl=(69) ./nptl/./nptl/pthread_rwlock_unlock.c
fn=(452) pthread_rwlock_unlock@@GLIBC_2.34
30 30
+1 5
+7 5
+1 5
-1 10
fi=(68) ./nptl/./nptl/pthread_rwlock_common.c
221 15
+11 5
-11 15
+15 5
+4 15
+14 15
+5 10
+16 15
fe=(69)
44 25
fi=(68)
243 20
+1 10
fe=(69)

fl=(55) ./nptl/./nptl/pthread_getspecific.c
fn=(388) pthread_getspecific@@GLIBC_2.34
24 1
+5 2
+1 4
+24 1
+1 2
+4 6
+5 2

fl=(25) ./string/../sysdeps/x86_64/multiarch/memset-vec-unaligned-erms.S
fn=(86) __memset_avx2_unaligned_erms
158 6
+1 12
+5 6
+1 6
+1 6
+1 6
+1 6
+2 3
+1 3
+1 6
+65 3
+1 3
+6 3
+1 3
+12 3
+3 3
+1 3
+12 3
+1 3
+13 3
+1 3
+2 3
+3 1
+3 1
+3 1
+1 1
+1 1
+1 1
+1 1
+1 1
+1 1
-6 7
+1 7
+1 7
+1 7
+1 7
+1 7
+1 8
+3 1
+1 1
+1 1
+1 1
+3 2
-6 2
+1 2
+1 2
+1 2
+3 4

fl=(16) ./malloc/./malloc/malloc.c
fn=(150) free
3359 1
+4 2
-4 3
+14 1
-14 3
+12 1
+4 1
-4 1
+4 2
+17 3
fi=(17) ./malloc/./malloc/arena.c
153 3
fe=(16)
3398 3
cfn=(154) _int_free
calls=1 4495 
* 73
+3 1
+1 6

fn=(154)
4495 7
+4 3
+6 4
+1 2
+4 5
+8 4
-1 2
+1 2
+29 1
-20 1
-6 1
+6 2
+20 4
1792 1
4561 2
+11 4
+2 3
1992 1
4593 1
1992 2
4595 1
+1 1
+4 2
+2 1
-2 1
+2 1
+4 2
+2 3
+1 1
+19 2
+30 6

fn=(42) _int_malloc
3846 11
1326 2
+19 6
3887 2
1794 1
3914 2
+65 2
-63 4
+3 1
+2 2
+2 2
-6 1
+9 2
+1 5
+5 2
+1 2
+7 1
-1 2
+1 5
+5 2
3165 1
3945 1
+1 3
1985 3
4487 12

fn=(198) calloc
3699 2
+10 1
-10 7
+10 8
+8 2
+3 3
+2 2
+34 5
fi=(17)
153 2
fe=(16)
3732 1
+1 1
+21 2
-21 2
+21 1
cfn=(42)
calls=1 +92 
* 77
+2 2
+81 8
-41 1
-12 1
+12 2
+3 5
+8 1
+2 2
+2 2
+5 1
+2 1
-2 1
+3 2
+2 1
+2 2
+2 1
+2 2
+2 2
-73 3
+3 3

fl=(67) ./nptl/./nptl/pthread_rwlock_rdlock.c
fn=(444) pthread_rwlock_rdlock@@GLIBC_2.34
23 40
+1 5
fi=(68)
298 20
+12 10
+43 15
+17 10
+20 10
+1 5
fe=(67)
27 5
+2 35

fl=(11) ./nptl/./nptl/pthread_once.c
fn=(22) pthread_once@@GLIBC_2.34
136 9
+3 9
+1 18
+4 18

ob=(1) /home/runner/work/s2n-quic/s2n-quic/target/release/deps/bench-16caf08bffb047d9
fl=(9) /aws-lc/crypto/thread_pthread.c
fn=(18) aws_lc_0_41_0_CRYPTO_once
227 27
+1 9
cob=(2)
cfi=(11)
cfn=(22)
calls=9 -92 
* 54
* 9
* 18
+3 18

fn=(440) aws_lc_0_41_0_CRYPTO_STATIC_MUTEX_lock_read
172 12
+1 4
cob=(2)
cfi=(67)
cfn=(444)
calls=4 23 
* 124
* 4
+1 8
+7 8

fn=(704) aws_lc_0_41_0_CRYPTO_MUTEX_unlock_read
43 3
+1 1
cob=(2)
cfi=(69)
cfn=(452)
calls=1 -14 
* 41
* 1
* 2
+3 2

fn=(378) aws_lc_0_41_0_CRYPTO_get_thread_local
270 2
+1 1
-1 3
+1 1
-1 1
+1 1
cfn=(18)
calls=1 -44 
* 15
+1 3
+4 2
cob=(2)
cfi=(55)
cfn=(388)
calls=1 24 
* 18
* 1
+1 2
+3 1
+1 1
-1 1
+1 2

fn=(448) aws_lc_0_41_0_CRYPTO_STATIC_MUTEX_unlock_read
194 12
+1 4
cob=(2)
cfi=(69)
cfn=(452)
calls=4 30 
* 164
* 4
* 8
+3 8

fn=(702) aws_lc_0_41_0_CRYPTO_MUTEX_lock_read
31 3
+1 1
cob=(2)
cfi=(67)
cfn=(444)
calls=1 -9 
* 31
* 1
* 2
+3 2

fl=(45) /aws-lc/crypto/fipsmodule/hmac/hmac.c
fn=(222) aws_lc_0_41_0_HMAC_Init_ex
323 12
+1 3
+2 5
+3 4
cfi=(44) /aws-lc/crypto/fipsmodule/digest/digest.c
cfn=(214) aws_lc_0_41_0_EVP_MD_flags
calls=1 23 
* 3
* 2
+5 4
+5 3
-34 2
128 3
cfi=(9)
cfn=(18)
calls=1 +99 
* 15
+23 8
416 11
-50 2
cfi=(44)
cfn=(272) aws_lc_0_41_0_EVP_MD_block_size
calls=1 27 
* 3
+1 1
-1 1
+1 2
+1 2
+7 23
+1 22
+1 2
+11 5
+1 6
-1 2
+1 3
-1 2
+1 3
-1 2
+1 3
-1 2
+1 3
-1 2
+1 3
-1 2
+1 3
-1 2
+1 3
-1 2
+27 2
305 3
+86 4
cfn=(348) AWS_LC_TRAMPOLINE_aws_lc_0_41_0_SHA512_Init
calls=1 91 
* 17
* 4
+1 4
cfn=(352) AWS_LC_TRAMPOLINE_aws_lc_0_41_0_SHA512_Update
calls=1 91 
* 3049
-1 2
+4 5
+1 6
-1 2
+1 3
-1 2
+1 3
-1 2
+1 3
-1 2
+1 3
-1 2
+1 3
-1 2
+1 3
-1 2
+1 3
-1 5
+3 3
cfn=(348)
calls=1 91 
* 17
* 2
+1 5
cfn=(352)
calls=1 91 
* 3049
-1 2
fi=(33) /aws-lc/crypto/fipsmodule/../internal.h
853 2
fi=(13) /usr/include/x86_64-linux-gnu/bits/string_fortified.h
29 5
cob=(2)
cfi=(30)
cfn=(98)
calls=1 255 
* 12
* 1
* 65
fe=(45)
404 1
+4 3
cfi=(15) /aws-lc/crypto/mem.c
cfn=(82) aws_lc_0_41_0_OPENSSL_cleanse
calls=1 256 
* 39
+1 3
cfi=(15)
cfn=(82)
calls=1 256 
* 39
+2 1
307 1
+5 2
151 2

fn=(348)
91 4
cfi=(51) /aws-lc/crypto/fipsmodule/sha/sha512.c
cfn=(350) aws_lc_0_41_0_SHA512_Init
calls=2 -51 
* 30

fn=(352)
91 4
cfi=(51)
cfn=(328) aws_lc_0_41_0_SHA512_Update
calls=2 259 
* 6094

fn=(218) aws_lc_0_41_0_HMAC_CTX_init
270 1
fi=(13)
59 1
fe=(45)
270 1
fi=(13)
59 160
fe=(45)
272 1

fn=(316) aws_lc_0_41_0_HMAC_CTX_cleanup
283 1
+2 2
cfi=(15)
cfn=(82)
calls=1 -29 
* 98

fl=(51)
fn=(328)
259 2
+5 4
-5 2
+9 2
-9 6
+2 2
-2 14
+11 4
+5 2
-5 2
+3 6
+4 6
+22 4
+6 18
-13 4
fi=(48) /aws-lc/crypto/fipsmodule/digest/../sha/internal.h
+6 2
fe=(51)
-5 2
641 4
293 2
fi=(48)
+5 6
fe=(51)
-3 2
+1 2
-1 2
+1 4
642 4
fi=(20) /aws-lc/crypto/fipsmodule/aes/../cpucap/internal.h
64 2
fi=(48)
298 4
fe=(51)
641 2
cfi=(52) /aws-lc/generated-src/linux-x86_64/crypto/fipsmodule/sha512-x86_64.S
cfn=(334) aws_lc_0_41_0_sha512_block_data_order_avx
calls=2 1817 
* 5976
+1 2

fn=(350)
40 2
+1 2
+11 2
-11 4
+11 2
+3 2
-14 14
+14 2

fl=(66) /aws-lc/crypto/ube/fork_ube_detect.c
fn=(436) aws_lc_0_41_0_CRYPTO_get_fork_ube_generation
211 4
+15 4
-15 8
+20 2
-20 2
+15 2
cfi=(9)
cfn=(18)
calls=2 +1 
* 30
+2 2
+1 4
+7 6
cfi=(9)
cfn=(440)
calls=2 -64 
* 80
+2 2
-1 2
+2 2
-1 4
+1 2
cfi=(9)
cfn=(448)
calls=2 -45 
* 100
+20 14

fl=(61) /aws-lc/crypto/ube/vm_ube_detect.c
fn=(474) aws_lc_0_41_0_CRYPTO_get_vm_ube_generation
72 4
+1 2
-1 6
+1 2
-1 2
+1 2
cfi=(9)
cfn=(18)
calls=2 227 
* 30
+2 14
+5 2
+9 6

fl=(8) /aws-lc/crypto/fipsmodule/cipher/e_aes.c
fn=(60) aws_lc_0_41_0_aes_ctr_set_key
244 4
+2 4
-2 18
+2 8
fi=(20)
86 2
fe=(8)
248 4
fi=(20)
86 2
fe=(8)
247 4
+1 2
cfi=(21) /aws-lc/generated-src/linux-x86_64/crypto/fipsmodule/aesni-x86_64.S
cfn=(64) aws_lc_0_41_0_aes_hw_set_encrypt_key
calls=2 2945 
* 452
+1 4
+3 4
+1 4
+31 2
-29 2
+29 10

fl=(53) /aws-lc/crypto/fipsmodule/rand/rand.c
fn=(376) rand_bytes_impl.part.0
553 16
+13 1
cfi=(9)
cfn=(378)
calls=1 270 
* 55
+4 4
451 2
304 1
-1 1
+1 3
cfi=(65) /aws-lc/crypto/ube/ube.c
cfn=(432) aws_lc_0_41_0_CRYPTO_get_ube_generation_number
calls=1 197 
* 338
* 2
469 1
-1 3
328 2
+5 4
+1 3
cfi=(60) /aws-lc/crypto/fipsmodule/rand/entropy/entropy_sources.c
cfn=(696) entropy_cpu_get_prediction_resistance
calls=1 32 
* 83
* 2
473 2
338 1
488 4
cfi=(9)
cfn=(702)
calls=1 31 
* 40
+7 2
+3 3
+4 2
+31 7
cfi=(90) /aws-lc/crypto/fipsmodule/rand/ctrdrbg.c
cfn=(656) aws_lc_0_41_0_CTR_DRBG_generate
calls=1 159 
* 1577
* 2
+7 1
-2 1
-43 2
+8 2
-1 2
+42 3
cfi=(15)
cfn=(82)
calls=1 256 
* 25
282 1
-1 1
+1 1
cfi=(65)
cfn=(432)
calls=1 -85 
* 338
* 2
550 2
cfi=(9)
cfn=(704)
calls=1 43 
* 50
+39 11
308 3
-26 3
455 2

fn=(374) aws_lc_0_41_0_RAND_bytes
601 1
-44 2
+44 8
cfn=(376)
calls=1 -48 
* 2611
+6 3

fl=(23) /aws-lc/crypto/fipsmodule/aes/mode_wrappers.c
fn=(172) aes_hw_ctr32_encrypt_blocks_wrapper
29 1
+1 1
cfi=(21)
cfn=(174) aws_lc_0_41_0_aes_hw_ctr32_encrypt_blocks
calls=1 884 
* 214

fn=(70) aes_hw_encrypt_wrapper
17 6
+1 6
cfi=(21)
cfn=(72) aws_lc_0_41_0_aes_hw_encrypt
calls=6 -2 
* 468

fl=(52)
fn=(334)
1817 2
+1 2
+2 2
+2 2
+2 2
+2 2
+2 2
+2 2
+2 2
+1 2
+1 2
+1 2
+1 2
+1 2
+1 2
+1 2
+4 2
+1 2
+1 2
+1 2
+1 2
+1 2
+1 2
+1 2
+1 2
+1 2
+3 2
+1 2
+1 2
+1 2
+1 2
+1 2
+1 2
+1 2
+1 2
+1 2
+1 2
+1 2
+1 2
+1 2
+1 2
+1 2
+1 2
+1 2
+1 2
+1 2
+1 2
+1 2
+1 2
+1 2
+1 2
+1 2
+1 2
+1 2
+1 2
+1 2
+1 2
+1 2
+1 2
+1 2
+1 2
+1 2
+1 2
+1 2
+1 2
+4 8
+1 8
+1 8
+1 8
+1 8
+1 8
+1 8
+1 8
+1 8
+1 8
+1 8
+1 8
+1 8
+1 8
+1 8
+1 8
+1 8
+1 8
+1 8
+1 8
+1 8
+1 8
+1 8
+1 8
+1 8
+1 8
+1 8
+1 8
+1 8
+1 8
+1 8
+1 8
+1 8
+1 8
+1 8
+1 8
+1 8
+1 8
+1 8
+1 8
+1 8
+1 8
+1 8
+1 8
+1 8
+1 8
+1 8
+1 8
+1 8
+1 8
+1 8
+1 8
+1 8
+1 8
+1 8
+1 8
+1 8
+1 8
+1 8
+1 8
+1 8
+1 8
+1 8
+1 8
+1 8
+1 8
+1 8
+1 8
+1 8
+1 8
+1 8
+1 8
+1 8
+1 8
+1 8
+1 8
+1 8
+1 8
+1 8
+1 8
+1 8
+1 8
+1 8
+1 8
+1 8
+1 8
+1 8
+1 8
+1 8
+1 8
+1 8
+1 8
+1 8
+1 8
+1 8
+1 8
+1 8
+1 8
+1 8
+1 8
+1 8
+1 8
+1 8
+1 8
+1 8
+1 8
+1 8
+1 8
+1 8
+1 8
+1 8
+1 8
+1 8
+1 8
+1 8
+1 8
+1 8
+1 8
+1 8
+1 8
+1 8
+1 8
+1 8
+1 8
+1 8
+1 8
+1 8
+1 8
+1 8
+1 8
+1 8
+1 8
+1 8
+1 8
+1 8
+1 8
+1 8
+1 8
+1 8
+1 8
+1 8
+1 8
+1 8
+1 8
+1 8
+1 8
+1 8
+1 8
+1 8
+1 8
+1 8
+1 8
+1 8
+1 8
+1 8
+1 8
+1 8
+1 8
+1 8
+1 8
+1 8
+1 8
+1 8
+1 8
+1 8
+1 8
+1 8
+1 8
+1 8
+1 8
+1 8
+1 8
+1 8
+1 8
+1 8
+1 8
+1 8
+1 8
+1 8
+1 8
+1 8
+1 8
+1 8
+1 8
+1 8
+1 8
+1 8
+1 8
+1 8
+1 8
+1 8
+1 8
+1 8
+1 8
+1 8
+1 8
+1 8
+1 8
+1 8
+1 8
+1 8
+1 8
+1 8
+1 8
+1 8
+1 8
+1 8
+1 8
+1 8
+1 8
+1 8
+1 8
+1 8
+1 8
+1 8
+1 8
+1 8
+1 8
+1 8
+1 8
+1 8
+1 8
+1 8
+1 8
+1 8
+1 8
+1 8
+1 8
+1 8
+1 8
+1 8
+1 8
+1 8
+1 8
+1 8
+1 8
+1 8
+1 8
+1 8
+1 8
+1 8
+1 8
+1 8
+1 8
+1 8
+1 8
+1 8
+1 8
+1 8
+1 8
+1 8
+1 8
+1 8
+1 8
+1 8
+1 8
+1 8
+1 8
+1 8
+1 8
+1 8
+1 8
+1 8
+1 8
+1 8
+1 8
+1 8
+1 8
+1 8
+1 8
+1 8
+1 8
+1 8
+1 8
+1 8
+1 8
+1 8
+1 8
+1 8
+1 8
+1 8
+1 8
+1 8
+1 8
+1 8
+1 8
+1 8
+1 8
+1 8
+1 8
+1 8
+1 8
+1 8
+1 8
+1 8
+1 8
+1 8
+1 8
+1 8
+1 8
+1 8
+1 8
+1 8
+1 8
+1 8
+1 8
+1 8
+1 8
+1 8
+1 8
+1 8
+1 8
+1 8
+1 8
+1 8
+1 8
+1 8
+1 8
+1 8
+1 8
+1 8
+1 8
+1 8
+1 8
+1 8
+1 8
+1 8
+1 8
+1 8
+1 8
+1 8
+1 8
+1 8
+1 8
+1 8
+1 8
+1 8
+1 8
+1 8
+1 8
+1 8
+1 8
+1 8
+1 8
+1 8
+1 8
+1 8
+1 8
+1 8
+1 8
+1 8
+1 8
+1 8
+1 8
+1 8
+1 8
+1 8
+1 8
+1 8
+1 8
+1 8
+1 8
+1 8
+1 8
+1 8
+1 8
+1 8
+1 8
+1 8
+1 8
+1 8
+1 8
+1 8
+1 8
+1 8
+1 8
+1 8
+1 8
+1 8
+1 8
+1 8
+1 8
+1 8
+1 8
+1 8
+1 8
+1 8
+1 8
+1 8
+1 8
+1 8
+1 8
+1 8
+1 8
+1 8
+1 8
+1 8
+1 8
+1 8
+1 8
+1 8
+1 8
+1 8
+1 8
+1 8
+1 8
+1 8
+1 8
+1 8
+1 8
+1 8
+1 8
+1 8
+1 8
+1 8
+1 8
+1 8
+1 8
+1 8
+1 8
+1 8
+1 8
+1 8
+1 8
+1 8
+1 8
+1 8
+1 8
+1 8
+1 8
+1 8
+1 8
+1 8
+1 8
+1 8
+1 8
+1 8
+1 8
+1 8
+1 8
+1 8
+1 8
+1 8
+1 8
+1 8
+1 8
+1 8
+1 8
+1 8
+1 8
+1 8
+1 8
+1 8
+1 8
+1 8
+1 8
+1 8
+1 8
+1 8
+1 8
+1 8
+1 8
+1 8
+1 8
+1 8
+1 8
+1 8
+1 8
+1 8
+1 8
+1 8
+1 8
+1 8
+1 8
+1 8
+1 8
+1 8
+1 8
+1 8
+1 8
+1 8
+1 8
+1 8
+1 8
+1 8
+1 8
+1 8
+1 8
+1 8
+1 8
+1 8
+1 8
+1 8
+1 8
+1 8
+1 8
+1 8
+1 8
+1 8
+1 8
+1 8
+1 8
+1 8
+1 8
+1 8
+1 8
+1 8
+1 8
+1 8
+1 8
+1 8
+1 8
+1 8
+1 8
+1 8
+1 8
+1 8
+1 8
+1 8
+1 8
+1 8
+1 8
+1 8
+1 8
+1 8
+1 8
+1 8
+1 8
+1 8
+1 8
+1 8
+1 8
+1 8
+1 8
+1 8
+1 8
+1 8
+1 8
+1 8
+1 8
+1 8
+1 8
+1 8
+1 8
+1 8
+1 8
+1 8
+1 8
+1 8
+1 8
+1 8
+1 8
+1 8
+1 8
+1 8
+1 8
+1 8
+1 8
+1 8
+1 8
+1 8
+1 8
+1 8
+1 8
+1 8
+1 8
+1 8
+1 8
+1 8
+1 8
+1 8
+1 8
+1 8
+1 8
+1 8
+1 8
+1 8
+1 8
+1 8
+1 8
+1 8
+1 8
+1 8
+1 8
+1 8
+1 8
+1 8
+1 8
+1 8
+1 8
+1 8
+1 8
+1 8
+1 8
+1 8
+1 8
+1 8
+1 8
+1 8
+1 8
+1 8
+1 8
+1 8
+1 8
+1 8
+1 8
+1 8
+1 8
+1 8
+1 8
+1 8
+1 8
+1 8
+1 8
+1 8
+1 8
+1 8
+1 8
+1 8
+1 2
+1 2
+1 2
+1 2
+1 2
+1 2
+1 2
+1 2
+1 2
+1 2
+1 2
+1 2
+1 2
+1 2
+1 2
+1 2
+1 2
+1 2
+1 2
+1 2
+1 2
+1 2
+1 2
+1 2
+1 2
+1 2
+1 2
+1 2
+1 2
+1 2
+1 2
+1 2
+1 2
+1 2
+1 2
+1 2
+1 2
+1 2
+1 2
+1 2
+1 2
+1 2
+1 2
+1 2
+1 2
+1 2
+1 2
+1 2
+1 2
+1 2
+1 2
+1 2
+1 2
+1 2
+1 2
+1 2
+1 2
+1 2
+1 2
+1 2
+1 2
+1 2
+1 2
+1 2
+1 2
+1 2
+1 2
+1 2
+1 2
+1 2
+1 2
+1 2
+1 2
+1 2
+1 2
+1 2
+1 2
+1 2
+1 2
+1 2
+1 2
+1 2
+1 2
+1 2
+1 2
+1 2
+1 2
+1 2
+1 2
+1 2
+1 2
+1 2
+1 2
+1 2
+1 2
+1 2
+1 2
+1 2
+1 2
+1 2
+1 2
+1 2
+1 2
+1 2
+1 2
+1 2
+1 2
+1 2
+1 2
+1 2
+1 2
+1 2
+1 2
+1 2
+1 2
+1 2
+1 2
+1 2
+1 2
+1 2
+1 2
+1 2
+1 2
+1 2
+1 2
+1 2
+1 2
+1 2
+1 2
+1 2
+1 2
+1 2
+1 2
+1 2
+1 2
+1 2
+1 2
+1 2
+1 2
+1 2
+1 2
+1 2
+1 2
+1 2
+1 2
+1 2
+1 2
+1 2
+1 2
+1 2
+1 2
+1 2
+1 2
+1 2
+1 2
+1 2
+1 2
+1 2
+1 2
+1 2
+1 2
+1 2
+1 2
+1 2
+1 2
+1 2
+1 2
+1 2
+1 2
+1 2
+1 2
+1 2
+1 2
+1 2
+1 2
+1 2
+1 2
+1 2
+1 2
+1 2
+1 2
+1 2
+1 2
+1 2
+1 2
+1 2
+1 2
+1 2
+1 2
+1 2
+1 2
+1 2
+1 2
+1 2
+1 2
+1 2
+1 2
+1 2
+1 2
+1 2
+1 2
+1 2
+1 2
+1 2
+1 2
+1 2
+1 2
+1 2
+1 2
+1 2
+1 2
+1 2
+1 2
+1 2
+1 2
+1 2
+1 2
+1 2
+1 2
+1 2
+1 2
+1 2
+1 2
+1 2
+1 2
+1 2
+1 2
+1 2
+1 2
+1 2
+1 2
+1 2
+1 2
+1 2
+1 2
+1 2
+1 2
+1 2
+1 2
+1 2
+1 2
+1 2
+1 2
+1 2
+1 2
+1 2
+1 2
+1 2
+1 2
+1 2
+1 2
+1 2
+1 2
+1 2
+1 2
+1 2
+1 2
+1 2
+1 2
+1 2
+1 2
+1 2
+1 2
+1 2
+1 2
+1 2
+1 2
+1 2
+1 2
+1 2
+1 2
+1 2
+1 2
+1 2
+1 2
+1 2
+1 2
+1 2
+1 2
+1 2
+1 2
+1 2
+1 2
+1 2
+1 2
+1 2
+1 2
+1 2
+1 2
+1 2
+1 2
+1 2
+1 2
+1 2
+1 2
+1 2
+1 2
+1 2
+1 2
+1 2
+1 2
+1 2
+1 2
+1 2
+1 2
+1 2
+1 2
+1 2
+1 2
+1 2
+1 2
+1 2
+1 2
+1 2
+1 2
+1 2
+1 2
+1 2
+1 2
+1 2
+1 2
+1 2
+1 2
+1 2
+1 2
+1 2
+1 2
+1 2
+1 2
+1 2
+1 2
+1 2
+1 2
+1 2
+1 2
+1 2
+1 2
+1 2
+1 2
+1 2
+1 2
+1 2
+1 2
+1 2
+1 2
+1 2
+1 2
+1 2
+1 2
+1 2
+1 2
+1 2
+1 2
+1 2
+1 2
+1 2
+1 2
+1 2
+1 2
+1 2
+1 2
+1 2
+1 2
+1 2
+1 2
+1 2
+1 2
+1 2
+1 2
+1 2
+1 2
+1 2
+1 2
+1 2
+1 2
+1 2
+1 2
+1 2
+1 2
+1 2
+1 2
+1 2
+1 2
+1 2
+1 2
+1 2
+1 2
+1 2
+1 2
+1 2
+1 2
+1 2
+1 2
+1 2
+1 2
+1 2
+1 2
+1 2
+1 2
+1 2
+1 2
+1 2
+1 2
+1 2
+1 2
+1 2
+1 2
+1 2
+1 2
+1 2
+1 2
+1 2
+1 2
+1 2
+1 2
+1 2
+1 2
+1 2
+2 2
+1 2
+1 2
+1 2
+1 2
+1 2
+1 2
+1 2
+1 2
+2 2
+2 2
+1 2
+1 2
+1 2
+1 2
+1 2
+1 2
+1 2
+1 2
+2 2
+2 2
+1 2
+2 2
+2 2
+2 2
+2 2
+2 2
+2 4

fl=(90)
fn=(656)
159 14
+3 2
+5 4
+4 4
-73 5
cfn=(662) ctr_drbg_update.part.0
calls=1 -5 
* 629
+73 2
+13 4
fi=(13)
59 3
fe=(90)
196 1
fi=(13)
59 2
fe=(90)
206 1
fi=(13)
59 13
fe=(90)
196 2
+9 1
fi=(33)
747 1
fe=(90)
196 1
fi=(33)
747 1
fe=(90)
90 1
fi=(33)
747 1
fi=(13)
29 1
fe=(90)
196 1
cfi=(23)
cfn=(172)
calls=1 29 
* 216
fi=(33)
747 2
fe=(90)
90 1
fi=(33)
747 1
fi=(13)
29 1
fe=(90)
184 2
+2 3
+4 1
+1 1
-1 1
+3 1
-2 1
+2 1
+16 2
98 4
cfn=(662)
calls=1 -5 
* 629
220 2
+4 1
+2 2
+1 11

fn=(662)
93 32
+10 8
fi=(33)
747 2
fe=(90)
105 6
-2 2
fi=(33)
747 2
fe=(90)
90 2
fi=(33)
747 2
fi=(13)
29 2
fe=(90)
+76 2
cfi=(23)
cfn=(70)
calls=2 -88 
* 160
fi=(33)
747 4
fe=(90)
105 12
-2 4
fi=(33)
747 4
fe=(90)
90 4
fi=(33)
747 4
fi=(13)
29 4
fe=(90)
+76 4
cfi=(23)
cfn=(70)
calls=4 -88 
* 320
-2 12
+5 10
+1 10
-1 4
+1 6
-1 12
+4 12
cfi=(8)
cfn=(60)
calls=2 244 
* 526
fi=(13)
-83 2
fe=(90)
+86 4
-3 2
fi=(13)
-83 2
fe=(90)
+86 2
cfi=(15)
cfn=(82)
calls=2 256 
* 50
+2 24

fl=(60)
fn=(698) aws_lc_0_41_0_rdrand_multiple8
181 1
+1 2
-1 7
+1 5
+8 3
cfi=(96) /aws-lc/generated-src/linux-x86_64/crypto/fipsmodule/rdrand-x86_64.S
cfn=(700) aws_lc_0_41_0_CRYPTO_rdrand_multiple8
calls=1 16 
* 46
* 2
+6 6

fn=(696)
32 3
-13 1
+13 1
-13 1
cfn=(698)
calls=1 181 
* 72
+15 1
-15 3
+15 1

fl=(41) /home/runner/.cargo/registry/src/index.crates.io-1949cf8c6b5b557f/aws-lc-rs-1.17.0/src/digest.rs
fn=(204) aws_lc_rs::digest::match_digest_type
365 4
+2 5
+5 1
cfi=(42) /aws-lc/crypto/fipsmodule/digest/digests.c
cfn=(236) aws_lc_0_41_0_EVP_sha512
calls=1 207 
* 24
* 1
fi=(18) /home/runner/.cargo/registry/src/index.crates.io-1949cf8c6b5b557f/aws-lc-rs-1.17.0/src/ptr.rs
143 2
fe=(41)
380 3

fl=(44)
fn=(214)
23 3

fn=(272)
27 3

fl=(15)
fn=(82)
256 6
+2 24
-2 6
fi=(13)
59 12
fe=(15)
256 6
fi=(13)
59 6
cob=(2)
cfi=(25)
cfn=(86)
calls=6 +99 
* 173
* 6
fe=(15)
274 12

fl=(2) /home/runner/work/s2n-quic/s2n-quic/dc/s2n-quic-dc-benches/src/bench.rs
fn=(368) s2n_quic_dc_benches::bench::cachegrind_backend::BenchmarkGroup::bench_function::{{closure}}
203 8
fi=(50) /home/runner/.cargo/registry/src/index.crates.io-1949cf8c6b5b557f/aws-lc-rs-1.17.0/src/hmac.rs
-72 1
+7 1
0 1
fi=(36) /rustc/f8297e351a40c1439a467bbbb6879088047f50b3/library/core/src/intrinsics/mod.rs
457 1
fi=(28) /rustc/f8297e351a40c1439a467bbbb6879088047f50b3/library/alloc/src/raw_vec/mod.rs
+10 1
fi=(27) /rustc/f8297e351a40c1439a467bbbb6879088047f50b3/library/std/src/sys/alloc/unix.rs
36 3
cob=(2)
cfi=(16)
cfn=(198)
calls=1 3699 
* 159
fi=(28)
476 2
0 5
fi=(97) /home/runner/.cargo/registry/src/index.crates.io-1949cf8c6b5b557f/aws-lc-rs-1.17.0/src/rand.rs
206 2
cfi=(53)
cfn=(374)
calls=1 601 
* 2625
* 1
fi=(26) /rustc/f8297e351a40c1439a467bbbb6879088047f50b3/library/core/src/result.rs
1224 1
0 1
fi=(31) /rustc/f8297e351a40c1439a467bbbb6879088047f50b3/library/core/src/hint.rs
472 3
fi=(98) /home/runner/work/s2n-quic/s2n-quic/dc/s2n-quic-dc-benches/src/crypto/hmac.rs
28 1
fi=(28)
508 1
fi=(38) /rustc/f8297e351a40c1439a467bbbb6879088047f50b3/library/alloc/src/vec/mod.rs
1671 1
0 1
fi=(50)
304 1
cfi=(45)
cfn=(218)
calls=1 -34 
* 164
+1 2
cfi=(41)
cfn=(204)
calls=1 +60 
* 40
0 1
306 5
cfi=(45)
cfn=(222)
calls=1 +17 
* 6571
* 2
fi=(26)
1177 1
0 1
fi=(50)
317 3
cob=(2)
cfi=(30)
cfn=(98)
calls=1 -62 
* 149
fi=(26)
1177 2
fi=(50)
199 2
cfi=(45)
cfn=(316)
calls=1 +84 
* 101
fi=(28)
523 2
fi=(98)
31 1
fi=(27)
+17 1
cob=(2)
cfi=(16)
cfn=(150)
calls=1 3359 
* 104
fe=(2)
203 6

fn=(3) s2n_quic_dc_benches::bench::cachegrind_backend::Criterion::run_bench'2
fi=(3) /home/runner/.cargo/registry/src/index.crates.io-1949cf8c6b5b557f/crabgrind-0.2.6/src/requests/mod.rs
cfi=(1) /home/runner/.cargo/registry/src/index.crates.io-1949cf8c6b5b557f/crabgrind-0.2.6/valgrind/native.c
cfn=(0) valgrind_client_request_expr
calls=0 15 
17 25
280 2
cfn=(368)
calls=1 -77 
* 9978
fi=(3)
17 8
fe=(2)

fl=(96)
fn=(700)
16 1
+1 1
+1 1
+1 2
+3 1
-3 3
+3 3
+1 4
+1 4
+1 4
+1 4
+1 4
+1 4
+1 4
+1 4
+2 2

fl=(1)
fn=(0)
15 8
+2 12
+13 5

fl=(42)
fn=(236)
207 6
cfi=(9)
cfn=(18)
calls=1 +20 
* 15
* 3

fl=(21)
fn=(64)
2945 4
+6 2
+1 2
+1 2
+1 2
+1 2
+2 2
+1 2
+1 2
+1 2
+1 2
+1 2
+1 2
+1 2
3140 2
+1 2
+1 2
+1 2
+1 2
+37 2
+1 2
+1 2
+1 2
+1 2
+1 2
+1 30
+7 14
+1 14
+1 14
+1 14
+1 14
+1 14
+1 14
+1 14
+2 14
+1 14
+2 14
+1 14
+2 12
+1 24
+3 12
+1 12
+1 12
+1 12
+1 12
+1 12
+1 12
+2 12
+1 12
+1 12
+1 12
+2 12
+3 2
+1 2
+1 2
+6 2
+1 2
+1 2
+1 2
+1 2
+1 2
+1 4

fn=(174)
884 1
+4 1
+1 1
+1 1
+28 1
+2 1
+2 1
+1 1
+5 1
+1 1
+1 1
+1 1
+1 1
+1 1
+1 1
+1 1
+1 1
+1 1
+1 1
+1 1
+1 1
+1 1
+1 1
+2 1
+1 1
+1 1
+1 1
+1 1
+1 2
+2 1
+1 2
+2 1
+1 1
+1 1
+1 1
+1 1
+1 2
+2 1
+1 1
+1 1
+1 1
+1 1
+1 1
+1 1
+1 1
+1 1
+1 1
+1 1
+1 1
+1 1
+1 1
+1 1
+1 1
+2 1
+2 1
+1 1
+2 1
+1 1
1225 1
+1 1
+1 1
+1 1
+47 13
+5 13
+1 52
+4 13
+1 15
+3 1
+1 3
+3 1
+1 1
+2 1
+1 1
+1 1
+1 1
+1 1
+1 1
+1 1
+1 1
+1 1
+31 1
+1 1
+1 1
+1 1
+1 1
+1 1
+1 1
+1 1
+1 1
+1 1
+1 1
+1 1
+1 1
+1 1
+1 1
+1 1
+1 1
+1 1
+1 1
+1 1
+1 1
+1 1
+1 1
+1 1
+1 1
+1 1
+2 2

fn=(72)
16 6
+6 6
+1 6
+1 6
+1 6
+1 6
+1 12
+3 6
+1 6
+1 6
+1 6
-6 72
+3 72
+1 72
+1 72
+1 78
+2 6
+1 6
+1 6
+1 12

fl=(65)
fn=(432)
197 22
+2 6
+2 6
cfi=(9)
cfn=(18)
calls=2 +26 
* 30
+13 4
74 2
219 4
74 2
+7 2
cfi=(66)
cfn=(436)
calls=2 211 
* 270
+1 6
+4 2
197 2
63 4
+7 4
cfi=(61)
cfn=(474)
calls=2 +2 
* 70
172 10
+58 6
cfi=(9)
cfn=(440)
calls=2 -58 
* 80
-40 12
+43 2
+1 2
-1 2
+1 2
cfi=(9)
cfn=(448)
calls=2 -40 
* 100
+1 4
+33 20

totals: 10013
