# callgrind format
version: 1
creator: callgrind-3.22.0
pid: 37574
cmd:  target/release/deps/bench-16caf08bffb047d9
part: 65


desc: I1 cache: 
desc: D1 cache: 
desc: LL cache: 

desc: Timerange: Basic block 191782 - 193123
desc: Trigger: Client Request: crypto/hkdf/psk/sha256_reuse/prk_len=16,label_len=1,out_len=16 [cold]

positions: line
events: Ir
summary: 18446744073709494749


ob=(2) /usr/lib/x86_64-linux-gnu/libc.so.6
fl=(30) ./string/../sysdeps/x86_64/multiarch/memmove-vec-unaligned-erms.S
fn=(98) __memcpy_avx_unaligned_erms
255 5
+1 5
+6 5
+1 5
+42 5
+1 5
+2 2
+1 2
+2 2
+4 2
+1 2
+1 2
+1 2
+1 2
+4 2
+2 2
+17 3
+1 3
+1 3
+1 3
+2 3

fl=(25) ./string/../sysdeps/x86_64/multiarch/memset-vec-unaligned-erms.S
fn=(86) __memset_avx2_unaligned_erms
158 7
+1 14
+5 7
+1 7
+1 5
+1 5
+1 5
+2 2
+1 2
+1 4
+65 3
+1 3
+6 3
+1 3
+12 3
+3 3
+1 3
+12 3
+1 3
+13 3
+1 3
+2 3
+3 1
+3 1
+3 1
+1 1
+1 1
+1 1
+1 1
+1 1
+1 1
-6 7
+1 7
+1 7
+1 7
+1 7
+1 7
+1 8
+3 1
+1 1
+1 1
+1 1
+3 2
-6 2
+1 2
+1 2
+1 2
+3 4
+23 2
+9 2
+1 2
+5 1
+1 1
+1 1
+1 1
+1 1
+1 1
+1 1
+1 1
+2 1
+17 1
+1 1
+1 1

fl=(12) ./nptl/./nptl/cleanup_compat.c
fn=(32) _pthread_cleanup_pop@@GLIBC_2.34
40 13
+3 26
+4 26
+2 13

fn=(26) _pthread_cleanup_push@@GLIBC_2.34
25 13
+3 13
+1 13
+1 26
+2 13
+1 13

fl=(16) ./malloc/./malloc/malloc.c
fn=(44) alloc_perturb
1985 3
+2 1

fn=(150) free
3359 3
+4 6
-4 9
+14 3
-14 9
+12 3
+4 3
-4 3
+4 6
+17 9
fi=(17) ./malloc/./malloc/arena.c
153 9
fe=(16)
3398 9
cfn=(154) _int_free
calls=3 4495 
* 162
+3 3
+1 18

fn=(154)
4495 21
+4 9
+6 12
+1 6
+4 15
+8 12
-1 6
+1 6
+29 3
-20 3
-6 3
+6 6
+20 12
4658 18
3163 3
+4 3
-4 3
+2 12
+1 3
+1 3
4550 3

fn=(42) _int_malloc
3846 11
1326 2
+19 6
3887 2
1794 1
3914 2
+65 2
-63 4
+3 1
+2 2
4060 1
-1 1
-1 1
+1 2
+1 2
-2 2
+12 5
-1 2
+4 2
+1 1
+2 2
+1 3
+2 1
+1 4
+2 4
-10 1
+12 2
+1 2
+2 2
+11 4
3980 1
+2 1
-2 1
+2 2
-52 3
4487 12
4099 2
+2 1
-1 2
+5 1
-1 1
+3 1
-1 1
+1 2
+1 3
+1 2
+6 1
+6 1
-6 1
+7 1
-7 6
+2 3
+5 1
-4 1
+4 1
cfn=(44)
calls=1 1985 
* 4
+1 1

fn=(198) calloc
3699 2
+10 1
-10 7
+10 8
+8 2
+3 3
+2 2
+34 5
fi=(17)
153 2
fe=(16)
3732 1
+1 1
+21 2
-21 2
+21 1
cfn=(42)
calls=1 +92 
* 134
+2 2
+81 8
-41 1
-12 1
+12 2
+3 5
+8 1
+2 2
+2 2
+5 1
+2 1
-2 1
+3 2
-63 3
+3 3

fn=(40) malloc
3294 16
+7 4
1326 4
+19 9
3311 2
+2 8
+3 4
+2 6
3178 4
+4 4
+4 2
+4 2
-4 6
+4 2
+1 2
3354 12

fl=(11) ./nptl/./nptl/pthread_once.c
fn=(22) pthread_once@@GLIBC_2.34
136 2
+3 2
+1 4
+3 2
cfn=(24) __pthread_once_slow
calls=2 -75 
* 1648

fn=(23) pthread_once@@GLIBC_2.34'2
136 12
+3 12
+1 24
+4 2
-1 11
cfn=(25) __pthread_once_slow'2
calls=11 -75 
* 935

fn=(24)
68 22
+8 2
+4 4
+52 20
-44 4
+4 4
+9 4
+13 26
cfi=(12)
cfn=(26)
calls=2 -89 
* 14
+2 2
cob=(1) /home/runner/work/s2n-quic/s2n-quic/target/release/deps/bench-16caf08bffb047d9
cfi=(45) /aws-lc/crypto/fipsmodule/hmac/hmac.c
cfn=(224) AWSLC_hmac_in_place_methods_init
calls=1 +12 
* 1494
cob=(1)
cfi=(42) /aws-lc/crypto/fipsmodule/digest/digests.c
cfn=(208) aws_lc_0_41_0_EVP_sha256_init
calls=1 +34 
* 16
+2 6
cfi=(12)
cfn=(32)
calls=2 -78 
* 12
fi=(14) ./nptl/../sysdeps/nptl/futex-internal.h
+91 6
fe=(11)
-85 2
fi=(14)
+85 10
fe=(11)

fn=(25)
68 121
+8 11
+4 22
+52 110
-44 22
+4 22
+9 22
+13 143
cfi=(12)
cfn=(26)
calls=11 -89 
* 77
+2 11
cob=(1)
cfi=(42)
cfn=(270) aws_lc_0_41_0_EVP_sha3_512_init
calls=1 373 
* 16
cob=(1)
cfi=(42)
cfn=(266) aws_lc_0_41_0_EVP_sha3_384_init
calls=1 346 
* 16
cob=(1)
cfi=(42)
cfn=(262) aws_lc_0_41_0_EVP_sha3_256_init
calls=1 319 
* 16
cob=(1)
cfi=(42)
cfn=(258) aws_lc_0_41_0_EVP_sha3_224_init
calls=1 292 
* 16
cob=(1)
cfi=(42)
cfn=(254) aws_lc_0_41_0_EVP_sha512_256_init
calls=1 265 
* 16
cob=(1)
cfi=(42)
cfn=(250) aws_lc_0_41_0_EVP_sha512_224_init
calls=1 236 
* 16
cob=(1)
cfi=(42)
cfn=(246) aws_lc_0_41_0_EVP_sha224_init
calls=1 +5 
* 16
cob=(1)
cfi=(42)
cfn=(242) aws_lc_0_41_0_EVP_md5_init
calls=1 -82 
* 16
cob=(1)
cfi=(42)
cfn=(238) aws_lc_0_41_0_EVP_sha512_init
calls=1 +91 
* 16
cob=(1)
cfi=(42)
cfn=(234) aws_lc_0_41_0_EVP_sha384_init
calls=1 +63 
* 16
cob=(1)
cfi=(42)
cfn=(230) aws_lc_0_41_0_EVP_sha1_init
calls=1 -24 
* 16
+2 33
cfi=(12)
cfn=(32)
calls=11 -78 
* 66
fi=(14)
+91 33
fe=(11)
-85 11
fi=(14)
+85 55
fe=(11)

ob=(1)
fl=(20) /aws-lc/crypto/fipsmodule/aes/../cpucap/internal.h
fn=(290) sha256_block_data_order
123 4
fi=(46) /aws-lc/crypto/fipsmodule/sha/sha256.c
337 8
fe=(20)
93 4
-19 8
fi=(48) /aws-lc/crypto/fipsmodule/digest/../sha/internal.h
278 16
fe=(20)
64 4
fi=(48)
278 8
fi=(46)
+66 4
cfi=(49) /aws-lc/generated-src/linux-x86_64/crypto/fipsmodule/sha256-x86_64.S
cfn=(296) aws_lc_0_41_0_sha256_block_data_order_avx
calls=4 3104 
* 8508
fe=(20)

fl=(41) /home/runner/.cargo/registry/src/index.crates.io-1949cf8c6b5b557f/aws-lc-rs-1.17.0/src/digest.rs
fn=(204) aws_lc_rs::digest::match_digest_type
365 4
+2 5
+3 1
cfi=(42)
cfn=(206) aws_lc_0_41_0_EVP_sha256
calls=1 150 
* 108
* 1
fi=(18) /home/runner/.cargo/registry/src/index.crates.io-1949cf8c6b5b557f/aws-lc-rs-1.17.0/src/ptr.rs
143 2
fe=(41)
380 3

fl=(44) /aws-lc/crypto/fipsmodule/digest/digest.c
fn=(272) aws_lc_0_41_0_EVP_MD_block_size
27 3

fn=(216) aws_lc_0_41_0_EVP_MD_size
25 6

fn=(214) aws_lc_0_41_0_EVP_MD_flags
23 6

fl=(15) /aws-lc/crypto/mem.c
fn=(82) aws_lc_0_41_0_OPENSSL_cleanse
256 5
+2 20
-2 5
fi=(13) /usr/include/x86_64-linux-gnu/bits/string_fortified.h
59 10
fe=(15)
256 5
fi=(13)
59 5
cob=(2)
cfi=(25)
cfn=(86)
calls=5 +99 
* 161
* 5
fe=(15)
274 10

fl=(2) /home/runner/work/s2n-quic/s2n-quic/dc/s2n-quic-dc-benches/src/bench.rs
fn=(2) s2n_quic_dc_benches::bench::cachegrind_backend::Criterion::run_bench
fi=(3) /home/runner/.cargo/registry/src/index.crates.io-1949cf8c6b5b557f/crabgrind-0.2.6/src/requests/mod.rs
cfi=(1) /home/runner/.cargo/registry/src/index.crates.io-1949cf8c6b5b557f/crabgrind-0.2.6/valgrind/native.c
cfn=(0) valgrind_client_request_expr
calls=1 30 
17 18446744073709481952
fe=(2)

fn=(3) s2n_quic_dc_benches::bench::cachegrind_backend::Criterion::run_bench'2
272 2
cfn=(6) s2n_quic_dc_benches::bench::cachegrind_backend::BenchmarkGroup::bench_with_input::{{closure}}
calls=1 -82 
* 12786
fi=(3)
17 9
cfi=(1)
cfn=(0)
calls=1 -2 
* 25
* 8
fe=(2)

fn=(6)
190 8
fi=(39) /home/runner/work/s2n-quic/s2n-quic/dc/s2n-quic-dc-benches/src/crypto/hkdf.rs
36 2
-36 1
fi=(36) /rustc/f8297e351a40c1439a467bbbb6879088047f50b3/library/core/src/intrinsics/mod.rs
457 1
fe=(2)
190 2
fi=(28) /rustc/f8297e351a40c1439a467bbbb6879088047f50b3/library/alloc/src/raw_vec/mod.rs
467 1
fi=(27) /rustc/f8297e351a40c1439a467bbbb6879088047f50b3/library/std/src/sys/alloc/unix.rs
14 2
cob=(2)
cfi=(16)
cfn=(40)
calls=1 3294 
* 45
fi=(28)
476 2
0 2
fi=(29) /rustc/f8297e351a40c1439a467bbbb6879088047f50b3/library/core/src/ptr/mod.rs
709 4
cob=(2)
cfi=(25)
cfn=(86)
calls=1 158 
* 11
fi=(39)
36 6
cfn=(192) s2n_quic_dc_benches::crypto::hkdf::awslc::prk
calls=1 +34 
* 46
fi=(31) /rustc/f8297e351a40c1439a467bbbb6879088047f50b3/library/core/src/hint.rs
472 13
fi=(28)
-5 1
+56 1
fi=(27)
48 2
cob=(2)
cfi=(16)
cfn=(150)
calls=1 3359 
* 85
fi=(39)
-11 2
-37 1
fi=(36)
457 1
fi=(28)
+10 1
fi=(27)
14 2
cob=(2)
cfi=(16)
cfn=(40)
calls=1 3294 
* 42
fi=(28)
476 2
0 2
fi=(29)
709 4
cob=(2)
cfi=(25)
cfn=(86)
calls=1 158 
* 17
fi=(31)
472 4
0 1
fi=(36)
457 1
fi=(28)
+10 1
0 1
fi=(27)
36 3
cob=(2)
cfi=(16)
cfn=(198)
calls=1 3699 
* 208
fi=(28)
476 2
fi=(31)
-4 4
fi=(39)
39 20
fi=(28)
508 1
fi=(38) /rustc/f8297e351a40c1439a467bbbb6879088047f50b3/library/alloc/src/vec/mod.rs
1671 1
fi=(28)
508 1
fi=(38)
1703 2
fi=(39)
40 1
cfn=(200) s2n_quic_dc_benches::crypto::hkdf::awslc::derive_psk
calls=1 +35 
* 11962
-40 1
fi=(29)
804 1
cfn=(318) core::ptr::drop_in_place<aws_lc_rs::hkdf::Prk>
calls=1 * 
* 77
fi=(28)
523 2
fi=(29)
804 1
fi=(27)
48 1
cob=(2)
cfi=(16)
cfn=(150)
calls=1 3359 
* 85
fi=(28)
523 2
fi=(29)
804 1
fi=(27)
48 1
cob=(2)
cfi=(16)
cfn=(150)
calls=1 3359 
* 85
fe=(2)
190 7

fl=(1)
fn=(0)
15 8
+2 12
+13 3
-13 2
+13 7

fl=(46)
fn=(306) aws_lc_0_41_0_SHA256_Final
154 18
fi=(47) /aws-lc/crypto/fipsmodule/md5/../digest/md32_common.h
-35 2
fe=(46)
+19 4
fi=(47)
-18 4
+1 4
+1 2
+3 4
+1 2
-1 4
+5 2
fi=(33) /aws-lc/crypto/fipsmodule/../internal.h
869 4
747 4
fi=(13)
29 2
fi=(47)
140 2
fi=(13)
29 2
fi=(47)
140 6
cfi=(20)
cfn=(290)
calls=2 -17 
* 4282
fi=(13)
-81 2
fi=(47)
+82 4
fi=(13)
-82 8
fe=(46)
+81 4
fi=(33)
747 4
fi=(13)
29 2
fi=(33)
747 4
fi=(13)
29 2
fi=(33)
747 4
fi=(13)
29 2
fi=(33)
747 4
fi=(13)
29 2
fi=(33)
747 4
fi=(13)
29 2
fi=(33)
747 4
fi=(13)
29 2
fi=(33)
747 4
fi=(13)
29 2
fi=(33)
747 4
fi=(13)
29 2
fe=(46)
151 2
+5 16
fi=(13)
-97 76
fe=(46)

fn=(286) aws_lc_0_41_0_SHA256_Update
127 5
fi=(47)
-69 10
fe=(46)
+69 5
fi=(47)
-65 5
fe=(46)
+65 10
fi=(47)
-65 5
fe=(46)
+65 5
+1 5
-1 30
fi=(47)
-60 5
fe=(46)
+60 5
fi=(47)
-62 10
+3 5
-3 5
+2 15
+3 5
+1 10
+1 1
+1 1
-1 3
+17 8
-1 4
+2 8
cfi=(20)
cfn=(290)
calls=2 +33 
* 4282
+1 6
+1 2
+4 4
fe=(46)
+35 45
fi=(47)
-34 2
fi=(13)
-68 51
cob=(2)
cfi=(30)
cfn=(98)
calls=1 255 
* 16
* 1
fi=(47)
+54 1
+1 1
fe=(46)

fn=(282) aws_lc_0_41_0_SHA256_Init
29 2
fi=(13)
+30 2
fe=(46)
-18 2
fi=(13)
+18 10
fe=(46)
-28 2
+8 2
-8 6
+10 2

fl=(39)
fn=(192)
70 6
fi=(40) /home/runner/.cargo/registry/src/index.crates.io-1949cf8c6b5b557f/aws-lc-rs-1.17.0/src/hkdf.rs
312 2
0 3
315 5
0 1
fi=(29)
547 1
cob=(2)
cfi=(30)
cfn=(98)
calls=1 255 
* 11
fi=(26) /rustc/f8297e351a40c1439a467bbbb6879088047f50b3/library/core/src/result.rs
1177 11
fe=(39)
72 6

fn=(200)
75 9
fi=(50) /home/runner/.cargo/registry/src/index.crates.io-1949cf8c6b5b557f/aws-lc-rs-1.17.0/src/hmac.rs
+56 1
fi=(40)
342 6
0 3
394 2
0 1
396 6
0 1
fi=(29)
547 3
cob=(2)
cfi=(30)
cfn=(98)
calls=1 255 
* 16
fi=(40)
189 3
cfi=(41)
cfn=(204)
calls=1 365 
* 124
+2 2
+7 1
-6 1
+1 8
cfi=(43) /aws-lc/crypto/fipsmodule/hkdf/hkdf.c
cfn=(212) aws_lc_0_41_0_HKDF_expand
calls=1 93 
* 11764
* 1
0 2
fe=(39)
83 8

fl=(43)
fn=(212)
93 13
+4 1
-4 5
+4 1
cfi=(44)
cfn=(214)
calls=1 -74 
* 3
* 2
+7 2
cfi=(44)
cfn=(216)
calls=1 -79 
* 3
* 3
+6 6
+1 4
+9 5
cfi=(45)
cfn=(218) aws_lc_0_41_0_HMAC_CTX_init
calls=1 270 
* 164
+1 6
cfi=(45)
cfn=(222) aws_lc_0_41_0_HMAC_Init_ex
calls=1 323 
* 6374
* 4
+5 1
+2 2
+11 1
-9 1
+2 2
+7 3
-1 3
-1 1
+1 1
cfi=(45)
cfn=(298) aws_lc_0_41_0_HMAC_Update
calls=1 418 
* 64
* 2
+1 4
cfi=(45)
cfn=(298)
calls=1 418 
* 76
-1 2
+2 4
cfi=(45)
cfn=(302) aws_lc_0_41_0_HMAC_Final
calls=1 426 
* 4820
-1 2
+2 1
-1 2
+5 5
+1 2
fi=(33)
853 2
fe=(43)
148 1
fi=(13)
29 2
fe=(43)
+99 1
+20 1
fi=(13)
29 1
cob=(2)
cfi=(30)
cfn=(98)
calls=1 255 
* 11
* 1
fe=(43)
149 1
-21 1
+21 1
-21 2
+40 11
-13 3
cfi=(15)
cfn=(82)
calls=1 256 
* 25
+1 2
cfi=(45)
cfn=(316) aws_lc_0_41_0_HMAC_CTX_cleanup
calls=1 283 
* 101
+11 2

fl=(42)
fn=(260) aws_lc_0_41_0_EVP_sha3_256
319 6
cfi=(9) /aws-lc/crypto/thread_pthread.c
cfn=(19) aws_lc_0_41_0_CRYPTO_once'2
calls=1 -92 
* 99
* 3

fn=(208)
150 1
+4 2
-3 1
+3 2
+2 1
-4 1
+2 1
+2 1
+3 1
-5 1
+4 1
+1 1
-1 1
-8 1

fn=(258)
292 1
+4 2
-3 1
+3 2
+2 1
-4 1
+2 1
+2 1
+3 1
-5 1
+4 1
+1 1
-1 1
-8 1

fn=(270)
373 1
+4 2
-3 1
+3 2
+2 1
-4 1
+2 1
+2 1
+3 1
-5 1
+4 1
+1 1
-1 1
-8 1

fn=(206)
150 12
cfi=(9)
cfn=(19)
calls=1 +77 
* 15
cfi=(9)
cfn=(18) aws_lc_0_41_0_CRYPTO_once
calls=1 +77 
* 99
* 6

fn=(234)
179 1
+4 2
-3 1
+3 2
+2 1
-4 1
+2 1
+2 1
+3 1
-5 1
+4 1
+1 1
-1 1
-8 1

fn=(238)
207 1
+4 2
-3 1
+3 2
+2 1
-4 1
+2 1
+2 1
+3 1
-5 1
+4 1
+1 1
-1 1
-8 1

fn=(242)
34 1
+4 2
-3 1
+3 2
+2 1
-4 1
+2 1
+2 1
+3 1
-5 1
+4 1
+1 1
-1 1
-8 1

fn=(246)
121 1
+4 2
-3 1
+3 2
+2 1
-4 1
+2 1
+2 1
+3 1
-5 1
+4 1
+1 1
-1 1
-8 1

fn=(250)
236 1
+4 2
-3 1
+3 2
+2 1
-4 1
+2 1
+2 1
+3 1
-5 1
+4 1
+1 1
-1 1
-8 1

fn=(252) aws_lc_0_41_0_EVP_sha512_256
265 6
cfi=(9)
cfn=(19)
calls=1 -38 
* 99
* 3

fn=(264) aws_lc_0_41_0_EVP_sha3_384
346 6
cfi=(9)
cfn=(19)
calls=1 227 
* 99
* 3

fn=(230)
92 1
+4 2
-3 1
+3 2
+2 1
-4 1
+2 1
+2 1
+3 1
-5 1
+4 1
+1 1
-1 1
-8 1

fn=(262)
319 1
+4 2
-3 1
+3 2
+2 1
-4 1
+2 1
+2 1
+3 1
-5 1
+4 1
+1 1
-1 1
-8 1

fn=(228) aws_lc_0_41_0_EVP_sha1
92 6
cfi=(9)
cfn=(19)
calls=1 227 
* 99
* 3

fn=(254)
265 1
+4 2
-3 1
+3 2
+2 1
-4 1
+2 1
+2 1
+3 1
-5 1
+4 1
+1 1
-1 1
-8 1

fn=(256) aws_lc_0_41_0_EVP_sha3_224
292 6
cfi=(9)
cfn=(19)
calls=1 -65 
* 99
* 3

fn=(268) aws_lc_0_41_0_EVP_sha3_512
373 6
cfi=(9)
cfn=(19)
calls=1 227 
* 99
* 3

fn=(232) aws_lc_0_41_0_EVP_sha384
179 6
cfi=(9)
cfn=(19)
calls=1 +48 
* 99
* 3

fn=(236) aws_lc_0_41_0_EVP_sha512
207 6
cfi=(9)
cfn=(19)
calls=1 +20 
* 99
* 3

fn=(240) aws_lc_0_41_0_EVP_md5
34 6
cfi=(9)
cfn=(19)
calls=1 227 
* 99
* 3

fn=(244) aws_lc_0_41_0_EVP_sha224
121 6
cfi=(9)
cfn=(19)
calls=1 227 
* 99
* 3

fn=(248) aws_lc_0_41_0_EVP_sha512_224
236 6
cfi=(9)
cfn=(19)
calls=1 -9 
* 99
* 3

fn=(266)
346 1
+4 2
-3 1
+3 2
+2 1
-4 1
+2 1
+2 1
+3 1
-5 1
+4 1
+1 1
-1 1
-8 1

fl=(49)
fn=(296)
3104 4
+1 4
+2 4
+2 4
+2 4
+2 4
+2 4
+2 4
+2 4
+1 4
+1 4
+1 4
+1 4
+1 4
+1 4
+1 4
+4 4
+1 4
+1 4
+1 4
+1 4
+1 4
+1 4
+1 4
+1 4
+1 4
+1 4
+1 4
+3 4
+1 4
+1 4
+1 4
+1 4
+1 4
+1 4
+1 4
+1 4
+1 4
+1 4
+1 4
+1 4
+1 4
+1 4
+1 4
+1 4
+1 4
+1 4
+1 4
+1 4
+1 4
+1 4
+4 12
+1 12
+1 12
+1 12
+1 12
+1 12
+1 12
+1 12
+1 12
+1 12
+1 12
+1 12
+1 12
+1 12
+1 12
+1 12
+1 12
+1 12
+1 12
+1 12
+1 12
+1 12
+1 12
+1 12
+1 12
+1 12
+1 12
+1 12
+1 12
+1 12
+1 12
+1 12
+1 12
+1 12
+1 12
+1 12
+1 12
+1 12
+1 12
+1 12
+1 12
+1 12
+1 12
+1 12
+1 12
+1 12
+1 12
+1 12
+1 12
+1 12
+1 12
+1 12
+1 12
+1 12
+1 12
+1 12
+1 12
+1 12
+1 12
+1 12
+1 12
+1 12
+1 12
+1 12
+1 12
+1 12
+1 12
+1 12
+1 12
+1 12
+1 12
+1 12
+1 12
+1 12
+1 12
+1 12
+1 12
+1 12
+1 12
+1 12
+1 12
+1 12
+1 12
+1 12
+1 12
+1 12
+1 12
+1 12
+1 12
+1 12
+1 12
+1 12
+1 12
+1 12
+1 12
+1 12
+1 12
+1 12
+1 12
+1 12
+1 12
+1 12
+1 12
+1 12
+1 12
+1 12
+1 12
+1 12
+1 12
+1 12
+1 12
+1 12
+1 12
+1 12
+1 12
+1 12
+1 12
+1 12
+1 12
+1 12
+1 12
+1 12
+1 12
+1 12
+1 12
+1 12
+1 12
+1 12
+1 12
+1 12
+1 12
+1 12
+1 12
+1 12
+1 12
+1 12
+1 12
+1 12
+1 12
+1 12
+1 12
+1 12
+1 12
+1 12
+1 12
+1 12
+1 12
+1 12
+1 12
+1 12
+1 12
+1 12
+1 12
+1 12
+1 12
+1 12
+1 12
+1 12
+1 12
+1 12
+1 12
+1 12
+1 12
+1 12
+1 12
+1 12
+1 12
+1 12
+1 12
+1 12
+1 12
+1 12
+1 12
+1 12
+1 12
+1 12
+1 12
+1 12
+1 12
+1 12
+1 12
+1 12
+1 12
+1 12
+1 12
+1 12
+1 12
+1 12
+1 12
+1 12
+1 12
+1 12
+1 12
+1 12
+1 12
+1 12
+1 12
+1 12
+1 12
+1 12
+1 12
+1 12
+1 12
+1 12
+1 12
+1 12
+1 12
+1 12
+1 12
+1 12
+1 12
+1 12
+1 12
+1 12
+1 12
+1 12
+1 12
+1 12
+1 12
+1 12
+1 12
+1 12
+1 12
+1 12
+1 12
+1 12
+1 12
+1 12
+1 12
+1 12
+1 12
+1 12
+1 12
+1 12
+1 12
+1 12
+1 12
+1 12
+1 12
+1 12
+1 12
+1 12
+1 12
+1 12
+1 12
+1 12
+1 12
+1 12
+1 12
+1 12
+1 12
+1 12
+1 12
+1 12
+1 12
+1 12
+1 12
+1 12
+1 12
+1 12
+1 12
+1 12
+1 12
+1 12
+1 12
+1 12
+1 12
+1 12
+1 12
+1 12
+1 12
+1 12
+1 12
+1 12
+1 12
+1 12
+1 12
+1 12
+1 12
+1 12
+1 12
+1 12
+1 12
+1 12
+1 12
+1 12
+1 12
+1 12
+1 12
+1 12
+1 12
+1 12
+1 12
+1 12
+1 12
+1 12
+1 12
+1 12
+1 12
+1 12
+1 12
+1 12
+1 12
+1 12
+1 12
+1 12
+1 12
+1 12
+1 12
+1 12
+1 12
+1 12
+1 12
+1 12
+1 12
+1 12
+1 12
+1 12
+1 12
+1 12
+1 12
+1 12
+1 12
+1 12
+1 12
+1 12
+1 12
+1 12
+1 12
+1 12
+1 12
+1 12
+1 12
+1 12
+1 12
+1 12
+1 12
+1 12
+1 12
+1 12
+1 12
+1 12
+1 12
+1 12
+1 12
+1 12
+1 12
+1 12
+1 12
+1 12
+1 12
+1 12
+1 12
+1 12
+1 12
+1 12
+1 12
+1 12
+1 12
+1 12
+1 12
+1 12
+1 12
+1 12
+1 12
+1 12
+1 12
+1 12
+1 12
+1 12
+1 12
+1 12
+1 12
+1 12
+1 12
+1 12
+1 12
+1 12
+1 12
+1 12
+1 12
+1 12
+1 12
+1 12
+1 12
+1 12
+1 12
+1 12
+1 12
+1 12
+1 12
+1 12
+1 12
+1 12
+1 12
+1 12
+1 12
+1 12
+1 12
+1 12
+1 12
+1 12
+1 12
+1 12
+1 12
+1 12
+1 12
+1 12
+1 12
+1 12
+1 12
+1 12
+1 12
+1 12
+1 12
+1 12
+1 12
+1 12
+1 12
+1 12
+1 12
+1 12
+1 12
+1 12
+1 12
+1 12
+1 12
+1 12
+1 12
+1 12
+1 12
+1 12
+1 12
+1 12
+1 12
+1 12
+1 12
+1 12
+1 12
+1 12
+1 12
+1 12
+1 12
+1 12
+1 12
+1 12
+1 12
+1 12
+1 12
+1 12
+1 12
+1 12
+1 12
+1 12
+1 12
+1 12
+1 12
+1 12
+1 12
+1 12
+1 12
+1 12
+1 12
+1 12
+1 12
+1 12
+1 12
+1 12
+1 12
+1 12
+1 12
+1 12
+1 12
+1 12
+1 12
+1 12
+1 12
+1 12
+1 12
+1 12
+1 12
+1 12
+1 12
+1 12
+1 12
+1 12
+1 12
+1 12
+1 12
+1 12
+1 12
+1 12
+1 12
+1 12
+1 12
+1 12
+1 12
+1 12
+1 12
+1 12
+1 12
+1 12
+1 12
+1 12
+1 12
+1 12
+1 12
+1 12
+1 12
+1 12
+1 12
+1 12
+1 12
+1 12
+1 12
+1 12
+1 12
+1 12
+1 12
+1 12
+1 12
+1 12
+1 12
+1 12
+1 12
+1 12
+1 12
+1 12
+1 12
+1 12
+1 12
+1 12
+1 12
+1 12
+1 12
+1 12
+1 12
+1 12
+1 12
+1 12
+1 12
+1 12
+1 12
+1 4
+1 4
+1 4
+1 4
+1 4
+1 4
+1 4
+1 4
+1 4
+1 4
+1 4
+1 4
+1 4
+1 4
+1 4
+1 4
+1 4
+1 4
+1 4
+1 4
+1 4
+1 4
+1 4
+1 4
+1 4
+1 4
+1 4
+1 4
+1 4
+1 4
+1 4
+1 4
+1 4
+1 4
+1 4
+1 4
+1 4
+1 4
+1 4
+1 4
+1 4
+1 4
+1 4
+1 4
+1 4
+1 4
+1 4
+1 4
+1 4
+1 4
+1 4
+1 4
+1 4
+1 4
+1 4
+1 4
+1 4
+1 4
+1 4
+1 4
+1 4
+1 4
+1 4
+1 4
+1 4
+1 4
+1 4
+1 4
+1 4
+1 4
+1 4
+1 4
+1 4
+1 4
+1 4
+1 4
+1 4
+1 4
+1 4
+1 4
+1 4
+1 4
+1 4
+1 4
+1 4
+1 4
+1 4
+1 4
+1 4
+1 4
+1 4
+1 4
+1 4
+1 4
+1 4
+1 4
+1 4
+1 4
+1 4
+1 4
+1 4
+1 4
+1 4
+1 4
+1 4
+1 4
+1 4
+1 4
+1 4
+1 4
+1 4
+1 4
+1 4
+1 4
+1 4
+1 4
+1 4
+1 4
+1 4
+1 4
+1 4
+1 4
+1 4
+1 4
+1 4
+1 4
+1 4
+1 4
+1 4
+1 4
+1 4
+1 4
+1 4
+1 4
+1 4
+1 4
+1 4
+1 4
+1 4
+1 4
+1 4
+1 4
+1 4
+1 4
+1 4
+1 4
+1 4
+1 4
+1 4
+1 4
+1 4
+1 4
+1 4
+1 4
+1 4
+1 4
+1 4
+1 4
+1 4
+1 4
+1 4
+1 4
+1 4
+1 4
+1 4
+1 4
+1 4
+1 4
+1 4
+1 4
+1 4
+1 4
+1 4
+1 4
+1 4
+1 4
+1 4
+1 4
+1 4
+1 4
+1 4
+1 4
+1 4
+1 4
+1 4
+1 4
+1 4
+1 4
+1 4
+1 4
+1 4
+1 4
+1 4
+1 4
+1 4
+1 4
+1 4
+1 4
+1 4
+1 4
+1 4
+1 4
+1 4
+1 4
+1 4
+1 4
+1 4
+1 4
+1 4
+1 4
+1 4
+1 4
+1 4
+1 4
+1 4
+1 4
+1 4
+1 4
+1 4
+1 4
+1 4
+1 4
+1 4
+1 4
+1 4
+1 4
+1 4
+1 4
+1 4
+1 4
+1 4
+1 4
+1 4
+1 4
+1 4
+1 4
+1 4
+1 4
+1 4
+1 4
+1 4
+1 4
+1 4
+1 4
+1 4
+1 4
+1 4
+1 4
+1 4
+1 4
+1 4
+1 4
+1 4
+1 4
+1 4
+1 4
+1 4
+1 4
+1 4
+1 4
+1 4
+1 4
+1 4
+1 4
+1 4
+1 4
+1 4
+1 4
+1 4
+1 4
+1 4
+1 4
+1 4
+1 4
+1 4
+1 4
+1 4
+1 4
+1 4
+1 4
+1 4
+1 4
+1 4
+1 4
+1 4
+1 4
+1 4
+1 4
+1 4
+1 4
+1 4
+1 4
+1 4
+1 4
+1 4
+1 4
+1 4
+1 4
+1 4
+1 4
+1 4
+1 4
+1 4
+1 4
+1 4
+1 4
+1 4
+1 4
+1 4
+1 4
+1 4
+1 4
+1 4
+1 4
+1 4
+1 4
+1 4
+1 4
+1 4
+1 4
+1 4
+1 4
+1 4
+1 4
+1 4
+1 4
+1 4
+1 4
+1 4
+1 4
+1 4
+1 4
+1 4
+1 4
+1 4
+1 4
+1 4
+1 4
+1 4
+1 4
+1 4
+1 4
+1 4
+1 4
+1 4
+1 4
+1 4
+1 4
+1 4
+1 4
+1 4
+1 4
+1 4
+1 4
+1 4
+1 4
+1 4
+1 4
+1 4
+1 4
+1 4
+1 4
+1 4
+1 4
+1 4
+1 4
+1 4
+1 4
+1 4
+1 4
+1 4
+1 4
+1 4
+1 4
+1 4
+1 4
+1 4
+1 4
+1 4
+1 4
+1 4
+1 4
+1 4
+1 4
+1 4
+1 4
+1 4
+1 4
+1 4
+1 4
+1 4
+1 4
+1 4
+1 4
+1 4
+1 4
+1 4
+1 4
+1 4
+1 4
+1 4
+1 4
+1 4
+1 4
+1 4
+1 4
+1 4
+1 4
+1 4
+1 4
+1 4
+1 4
+1 4
+1 4
+1 4
+1 4
+1 4
+1 4
+2 4
+1 4
+1 4
+1 4
+1 4
+1 4
+1 4
+1 4
+1 4
+2 4
+2 4
+1 4
+1 4
+1 4
+1 4
+1 4
+1 4
+1 4
+1 4
+2 4
+2 4
+1 4
+2 4
+2 4
+2 4
+2 4
+2 4
+2 8

fl=(29)
fn=(318)
804 5
fi=(40)
268 2
fe=(29)
2201 64
804 6

fl=(9)
fn=(18)
227 6
+1 2
cob=(2)
cfi=(11)
cfn=(22)
calls=2 -92 
* 1658
* 2
* 4
+3 4

fn=(19)
227 36
+1 12
cob=(2)
cfi=(11)
cfn=(23)
calls=12 -92 
* 996
* 12
* 24
+3 24

fl=(45)
fn=(218)
270 1
fi=(13)
59 1
fe=(45)
270 1
fi=(13)
59 160
fe=(45)
272 1

fn=(284) AWS_LC_TRAMPOLINE_aws_lc_0_41_0_SHA256_Update
89 10
cfi=(46)
cfn=(286)
calls=5 +38 
* 4576

fn=(316)
283 1
+2 2
cfi=(15)
cfn=(82)
calls=1 -29 
* 98

fn=(224)
128 2
fi=(13)
-69 89
fe=(45)
+69 1
+5 1
cfi=(42)
cfn=(206)
calls=1 +17 
* 24
* 16
+1 1
cfi=(42)
cfn=(228)
calls=1 -42 
* 108
* 16
+1 1
cfi=(42)
cfn=(232)
calls=1 +44 
* 108
* 16
+1 1
cfi=(42)
cfn=(236)
calls=1 +71 
* 108
* 16
+1 1
cfi=(42)
cfn=(240)
calls=1 34 
* 108
* 16
+1 1
cfi=(42)
cfn=(244)
calls=1 -17 
* 108
* 16
+1 1
cfi=(42)
cfn=(248)
calls=1 +97 
* 108
* 16
+1 1
cfi=(42)
cfn=(252)
calls=1 265 
* 108
* 16
+1 1
cfi=(42)
cfn=(256)
calls=1 292 
* 108
* 12
+1 1
cfi=(42)
cfn=(260)
calls=1 319 
* 108
* 12
+1 1
cfi=(42)
cfn=(264)
calls=1 346 
* 108
* 12
+1 1
cfi=(42)
cfn=(268)
calls=1 373 
* 108
* 2
-16 1
+16 10
-16 1

fn=(298)
418 2
+1 8
+4 4
-1 2
+1 6
cfn=(284)
calls=2 89 
* 118

fn=(302)
426 12
+1 2
+5 1
-1 2
+1 3
+39 11
-31 3
+2 1
-2 1
cfi=(44)
cfn=(216)
calls=1 25 
* 3
+2 1
-2 1
+2 4
cfn=(304) AWS_LC_TRAMPOLINE_aws_lc_0_41_0_SHA256_Final
calls=1 89 
* 2266
* 2
fi=(13)
29 69
fe=(45)
446 5
cfn=(284)
calls=1 89 
* 80
* 2
+3 3
cfn=(304)
calls=1 89 
* 2246
* 1
fi=(13)
29 64
fe=(45)
452 1
+3 3
cfi=(15)
cfn=(82)
calls=1 256 
* 25
+2 2
+2 2
+1 2
+2 2

fn=(222)
323 12
+1 3
+2 5
+3 4
cfi=(44)
cfn=(214)
calls=1 23 
* 3
* 2
+5 4
+5 3
-34 2
128 3
cfi=(9)
cfn=(18)
calls=1 +99 
* 1577
+23 2
416 11
-50 2
cfi=(44)
cfn=(272)
calls=1 27 
* 3
+1 1
-1 1
+1 2
+1 2
+7 23
+1 22
+1 2
+11 5
+1 6
-1 2
+1 3
-1 2
+1 3
-1 2
+1 3
-1 2
+27 2
305 3
+86 4
cfn=(280) AWS_LC_TRAMPOLINE_aws_lc_0_41_0_SHA256_Init
calls=1 89 
* 16
* 4
+1 4
cfn=(284)
calls=1 89 
* 2194
-1 2
+4 5
+1 6
-1 2
+1 3
-1 2
+1 3
-1 2
+1 3
-1 5
+3 3
cfn=(280)
calls=1 89 
* 16
* 2
+1 5
cfn=(284)
calls=1 89 
* 2194
-1 2
fi=(33)
853 2
fi=(13)
29 5
cob=(2)
cfi=(30)
cfn=(98)
calls=1 255 
* 11
* 1
* 65
fe=(45)
404 1
+4 3
cfi=(15)
cfn=(82)
calls=1 256 
* 39
+1 3
cfi=(15)
cfn=(82)
calls=1 256 
* 39
+2 1
151 2
307 1
+5 2

fn=(280)
89 4
cfi=(46)
cfn=(282)
calls=2 -60 
* 28

fn=(304)
89 4
cfi=(46)
cfn=(306)
calls=2 +65 
* 4508

totals: 12837
