# callgrind format
version: 1
creator: callgrind-3.22.0
pid: 37574
cmd:  target/release/deps/bench-16caf08bffb047d9
part: 416


desc: I1 cache: 
desc: D1 cache: 
desc: LL cache: 

desc: Timerange: Basic block 577155 - 578533
desc: Trigger: Client Request: crypto/hkdf/psk/sha256_fresh/prk_len=32,label_len=64,out_len=64 [warm]

positions: line
events: Ir
summary: 20683


ob=(2) /usr/lib/x86_64-linux-gnu/libc.so.6
fl=(30) ./string/../sysdeps/x86_64/multiarch/memmove-vec-unaligned-erms.S
fn=(98) __memcpy_avx_unaligned_erms
255 6
+1 6
+6 6
+1 6
+2 5
+1 5
+1 5
+3 5
+1 5
+1 5
+3 10
+30 1
+1 1
+2 1
+1 1
+2 1
+4 1
+1 1
+1 1
+1 1
+1 1
+4 1
+2 1

fl=(25) ./string/../sysdeps/x86_64/multiarch/memset-vec-unaligned-erms.S
fn=(86) __memset_avx2_unaligned_erms
158 8
+1 16
+5 8
+1 8
+1 8
+1 8
+1 8
+2 5
+1 5
+1 10
+65 3
+1 3
+6 3
+1 3
+12 3
+3 3
+1 3
+12 3
+1 3
+13 3
+1 3
+2 3
+3 1
+3 1
+3 1
+1 1
+1 1
+1 1
+1 1
+1 1
+1 1
-6 7
+1 7
+1 7
+1 7
+1 7
+1 7
+1 8
+3 1
+1 1
+1 1
+1 1
+3 2
-6 2
+1 2
+1 2
+1 2
+3 4

fl=(16) ./malloc/./malloc/malloc.c
fn=(40) malloc
3294 16
+7 4
1326 4
+19 10
3311 4
+2 8
+3 4
+2 6
3178 4
+4 4
+4 2
+4 2
-4 6
+4 2
+1 2
3354 12

fn=(44) alloc_perturb
1985 3
+2 1

fn=(150) free
3359 3
+4 6
-4 9
+14 3
-14 9
+12 3
+4 3
-4 3
+4 6
+17 9
fi=(17) ./malloc/./malloc/arena.c
153 9
fe=(16)
3398 9
cfn=(154) _int_free
calls=3 4495 
* 162
+3 3
+1 18

fn=(154)
4495 21
+4 9
+6 12
+1 6
+4 15
+8 12
-1 6
+1 6
+29 3
-20 3
-6 3
+6 6
+20 12
4658 18
3163 3
+4 3
-4 3
+2 12
+1 3
+1 3
4550 3

fn=(42) _int_malloc
3846 11
1326 2
+19 6
3887 2
1794 1
3914 2
+65 2
-63 4
+3 1
+2 2
4060 1
-1 1
-1 1
+1 2
+1 2
-2 2
+12 5
-90 1
+2 1
-2 1
+2 2
-52 3
4487 12
4257 3
+6 1
+71 3
-4 1
+1 1
+1 1
-1 1
+1 1
+1 2
+1 3
+5 4
+4 3
+3 4
-3 3
+3 4
-3 3
+3 4
-3 2
4443 1
+1 2
+2 2
+3 3
+11 3
cfn=(44)
calls=1 1985 
* 4
+1 1
-9 2
+2 2
-1 1
+1 1
-3 1
+3 1
+2 1
-2 4
+2 1
+3 2

fn=(198) calloc
3699 2
+10 1
-10 7
+10 8
+8 2
+3 3
+2 2
+34 5
fi=(17)
153 2
fe=(16)
3732 1
+1 1
+21 2
-21 2
+21 1
cfn=(42)
calls=1 +92 
* 143
+2 2
+81 8
-41 1
-12 1
+12 2
+3 5
+8 1
+2 2
+2 2
+5 1
+2 1
-2 1
+3 2
+2 1
+2 2
+2 1
+2 2
+2 2
-73 3
+3 3

fl=(11) ./nptl/./nptl/pthread_once.c
fn=(22) pthread_once@@GLIBC_2.34
136 2
+3 2
+1 4
+4 4

ob=(1) /home/runner/work/s2n-quic/s2n-quic/target/release/deps/bench-16caf08bffb047d9
fl=(20) /aws-lc/crypto/fipsmodule/aes/../cpucap/internal.h
fn=(290) sha256_block_data_order
123 8
fi=(46) /aws-lc/crypto/fipsmodule/sha/sha256.c
337 16
fe=(20)
93 8
-19 16
fi=(48) /aws-lc/crypto/fipsmodule/digest/../sha/internal.h
278 32
fe=(20)
64 8
fi=(48)
278 16
fi=(46)
+66 8
cfi=(49) /aws-lc/generated-src/linux-x86_64/crypto/fipsmodule/sha256-x86_64.S
cfn=(296) aws_lc_0_41_0_sha256_block_data_order_avx
calls=8 3104 
* 17016
fe=(20)

fl=(41) /home/runner/.cargo/registry/src/index.crates.io-1949cf8c6b5b557f/aws-lc-rs-1.17.0/src/digest.rs
fn=(204) aws_lc_rs::digest::match_digest_type
365 4
+2 5
+3 1
cfi=(42) /aws-lc/crypto/fipsmodule/digest/digests.c
cfn=(206) aws_lc_0_41_0_EVP_sha256
calls=1 150 
* 24
* 1
fi=(18) /home/runner/.cargo/registry/src/index.crates.io-1949cf8c6b5b557f/aws-lc-rs-1.17.0/src/ptr.rs
143 2
fe=(41)
380 3

fl=(44) /aws-lc/crypto/fipsmodule/digest/digest.c
fn=(214) aws_lc_0_41_0_EVP_MD_flags
23 6

fn=(272) aws_lc_0_41_0_EVP_MD_block_size
27 3

fn=(216) aws_lc_0_41_0_EVP_MD_size
25 9

fl=(15) /aws-lc/crypto/mem.c
fn=(82) aws_lc_0_41_0_OPENSSL_cleanse
256 6
+2 24
-2 6
fi=(13) /usr/include/x86_64-linux-gnu/bits/string_fortified.h
59 12
fe=(15)
256 6
fi=(13)
59 6
cob=(2)
cfi=(25)
cfn=(86)
calls=6 +99 
* 173
* 6
fe=(15)
274 12

fl=(2) /home/runner/work/s2n-quic/s2n-quic/dc/s2n-quic-dc-benches/src/bench.rs
fn=(3) s2n_quic_dc_benches::bench::cachegrind_backend::Criterion::run_bench'2
fi=(3) /home/runner/.cargo/registry/src/index.crates.io-1949cf8c6b5b557f/crabgrind-0.2.6/src/requests/mod.rs
cfi=(1) /home/runner/.cargo/registry/src/index.crates.io-1949cf8c6b5b557f/crabgrind-0.2.6/valgrind/native.c
cfn=(0) valgrind_client_request_expr
calls=0 15 
17 25
280 2
cfn=(6) s2n_quic_dc_benches::bench::cachegrind_backend::BenchmarkGroup::bench_with_input::{{closure}}
calls=1 -90 
* 20648
fi=(3)
17 8
fe=(2)

fn=(6)
190 8
fi=(39) /home/runner/work/s2n-quic/s2n-quic/dc/s2n-quic-dc-benches/src/crypto/hkdf.rs
51 2
-51 1
fi=(36) /rustc/f8297e351a40c1439a467bbbb6879088047f50b3/library/core/src/intrinsics/mod.rs
457 1
fe=(2)
190 2
fi=(28) /rustc/f8297e351a40c1439a467bbbb6879088047f50b3/library/alloc/src/raw_vec/mod.rs
467 1
fi=(27) /rustc/f8297e351a40c1439a467bbbb6879088047f50b3/library/std/src/sys/alloc/unix.rs
14 2
cob=(2)
cfi=(16)
cfn=(40)
calls=1 3294 
* 45
fi=(28)
476 2
0 2
fi=(29) /rustc/f8297e351a40c1439a467bbbb6879088047f50b3/library/core/src/ptr/mod.rs
709 4
cob=(2)
cfi=(25)
cfn=(86)
calls=1 158 
* 12
fi=(31) /rustc/f8297e351a40c1439a467bbbb6879088047f50b3/library/core/src/hint.rs
472 4
fi=(39)
52 2
-52 1
fi=(36)
457 1
fi=(28)
+10 1
fi=(27)
14 2
cob=(2)
cfi=(16)
cfn=(40)
calls=1 3294 
* 45
fi=(28)
476 2
0 2
fi=(29)
709 4
cob=(2)
cfi=(25)
cfn=(86)
calls=1 158 
* 12
fi=(31)
472 4
0 1
fi=(36)
457 1
fi=(28)
+10 1
0 1
fi=(27)
36 3
cob=(2)
cfi=(16)
cfn=(198)
calls=1 3699 
* 225
fi=(28)
476 2
fi=(31)
-4 4
fi=(39)
54 17
fi=(28)
508 1
fi=(38) /rustc/f8297e351a40c1439a467bbbb6879088047f50b3/library/alloc/src/vec/mod.rs
1671 2
fi=(39)
55 2
cfn=(192) s2n_quic_dc_benches::crypto::hkdf::awslc::prk
calls=1 +15 
* 47
-55 1
fi=(28)
508 1
fi=(38)
1671 1
fi=(28)
508 1
fi=(38)
1703 1
fi=(39)
56 3
cfn=(200) s2n_quic_dc_benches::crypto::hkdf::awslc::derive_psk
calls=1 +19 
* 19818
-56 1
57 1
cfi=(29)
cfn=(318) core::ptr::drop_in_place<aws_lc_rs::hkdf::Prk>
calls=1 804 
* 77
fi=(28)
523 2
fi=(27)
48 2
cob=(2)
cfi=(16)
cfn=(150)
calls=1 3359 
* 85
fi=(28)
523 2
fi=(27)
48 2
cob=(2)
cfi=(16)
cfn=(150)
calls=1 3359 
* 85
fi=(28)
523 2
fi=(27)
48 2
cob=(2)
cfi=(16)
cfn=(150)
calls=1 3359 
* 85
fe=(2)
190 7

fl=(1)
fn=(0)
15 8
+2 12
+13 5

fl=(46)
fn=(306) aws_lc_0_41_0_SHA256_Final
154 36
fi=(47) /aws-lc/crypto/fipsmodule/md5/../digest/md32_common.h
-35 4
fe=(46)
+19 8
fi=(47)
-18 8
+1 8
+1 4
+3 8
+1 4
-1 8
+5 4
fi=(33) /aws-lc/crypto/fipsmodule/../internal.h
869 8
747 8
fi=(13)
29 4
fi=(47)
140 4
fi=(13)
29 4
fi=(47)
140 12
cfi=(20)
cfn=(290)
calls=4 -17 
* 8564
fi=(13)
-81 4
fi=(47)
+82 8
fi=(13)
-82 16
fe=(46)
+81 8
fi=(33)
747 8
fi=(13)
29 4
fi=(33)
747 8
fi=(13)
29 4
fi=(33)
747 8
fi=(13)
29 4
fi=(33)
747 8
fi=(13)
29 4
fi=(33)
747 8
fi=(13)
29 4
fi=(33)
747 8
fi=(13)
29 4
fi=(33)
747 8
fi=(13)
29 4
fi=(33)
747 8
fi=(13)
29 4
fe=(46)
151 4
+5 32
fi=(13)
-97 132
fe=(46)

fn=(286) aws_lc_0_41_0_SHA256_Update
127 9
fi=(47)
-69 18
fe=(46)
+69 9
fi=(47)
-65 9
fe=(46)
+65 18
fi=(47)
-65 9
fe=(46)
+65 9
+1 9
-1 54
fi=(47)
-60 9
fe=(46)
+60 9
fi=(47)
-62 18
+3 9
-3 9
+2 27
+3 9
+1 18
+1 2
+1 2
-1 6
+1 1
+4 1
-4 1
+15 1
-12 1
+12 1
fi=(33)
853 2
fi=(13)
29 2
fi=(47)
+45 5
cfi=(20)
cfn=(290)
calls=1 +49 
* 2141
fi=(13)
-15 1
fi=(47)
+30 1
-11 1
fi=(13)
-19 1
fi=(47)
+30 1
fi=(13)
-30 3
fi=(47)
+30 15
-1 6
+2 12
cfi=(20)
cfn=(290)
calls=3 +33 
* 6423
+1 9
+1 3
+4 8
fe=(46)
+35 81
fi=(47)
-34 3
fi=(13)
-68 3
fi=(47)
+68 4
fi=(13)
-68 192
cob=(2)
cfi=(30)
cfn=(98)
calls=1 255 
* 16
* 1
fi=(47)
+54 1
+1 1
fe=(46)

fn=(282) aws_lc_0_41_0_SHA256_Init
29 2
fi=(13)
+30 2
fe=(46)
-18 2
fi=(13)
+18 10
fe=(46)
-28 2
+8 2
-8 6
+10 2

fl=(39)
fn=(192)
70 6
fi=(40) /home/runner/.cargo/registry/src/index.crates.io-1949cf8c6b5b557f/aws-lc-rs-1.17.0/src/hkdf.rs
312 2
0 3
315 5
0 1
fi=(29)
547 1
cob=(2)
cfi=(30)
cfn=(98)
calls=1 255 
* 12
fi=(26) /rustc/f8297e351a40c1439a467bbbb6879088047f50b3/library/core/src/result.rs
1177 11
fe=(39)
72 6

fn=(200)
75 9
fi=(50) /home/runner/.cargo/registry/src/index.crates.io-1949cf8c6b5b557f/aws-lc-rs-1.17.0/src/hmac.rs
+56 1
fi=(40)
342 6
0 3
394 2
0 1
396 6
0 1
fi=(29)
547 3
cob=(2)
cfi=(30)
cfn=(98)
calls=1 255 
* 12
fi=(40)
189 3
cfi=(41)
cfn=(204)
calls=1 365 
* 40
+2 2
+7 1
-6 1
+1 8
cfi=(43) /aws-lc/crypto/fipsmodule/hkdf/hkdf.c
cfn=(212) aws_lc_0_41_0_HKDF_expand
calls=1 93 
* 19708
* 1
0 2
fe=(39)
83 8

fl=(43)
fn=(212)
93 13
+4 1
-4 5
+4 1
cfi=(44)
cfn=(214)
calls=1 -74 
* 3
* 2
+7 2
cfi=(44)
cfn=(216)
calls=1 -79 
* 3
* 3
+6 6
+1 4
+9 5
cfi=(45) /aws-lc/crypto/fipsmodule/hmac/hmac.c
cfn=(218) aws_lc_0_41_0_HMAC_CTX_init
calls=1 270 
* 164
+1 6
cfi=(45)
cfn=(222) aws_lc_0_41_0_HMAC_Init_ex
calls=1 323 
* 4813
* 4
+5 1
+2 2
+11 1
-9 1
+2 2
+7 3
-1 3
-1 1
+1 1
cfi=(45)
cfn=(298) aws_lc_0_41_0_HMAC_Update
calls=1 418 
* 2205
* 3
-1 1
+1 1
cfi=(45)
cfn=(298)
calls=1 418 
* 2293
* 4
+1 8
cfi=(45)
cfn=(298)
calls=2 418 
* 140
-1 4
+2 8
cfi=(45)
cfn=(302) aws_lc_0_41_0_HMAC_Final
calls=2 426 
* 9620
-1 4
+2 2
-1 4
+5 10
fi=(33)
853 4
fe=(43)
148 2
fi=(13)
29 4
fe=(43)
+99 2
+20 2
fi=(13)
29 2
cob=(2)
cfi=(30)
cfn=(98)
calls=2 255 
* 24
* 2
fe=(43)
149 2
-21 2
+21 2
-21 4
+2 1
+2 5
-2 1
+2 1
cfi=(45)
cfn=(222)
calls=1 323 
* 44
* 2
+1 4
cfi=(45)
cfn=(298)
calls=1 418 
* 91
-1 2
+36 11
-13 3
cfi=(15)
cfn=(82)
calls=1 256 
* 25
+1 2
cfi=(45)
cfn=(316) aws_lc_0_41_0_HMAC_CTX_cleanup
calls=1 283 
* 101
+11 6

fl=(42)
fn=(206)
150 6
cfi=(9) /aws-lc/crypto/thread_pthread.c
cfn=(18) aws_lc_0_41_0_CRYPTO_once
calls=1 +77 
* 15
* 3

fl=(49)
fn=(296)
3104 8
+1 8
+2 8
+2 8
+2 8
+2 8
+2 8
+2 8
+2 8
+1 8
+1 8
+1 8
+1 8
+1 8
+1 8
+1 8
+4 8
+1 8
+1 8
+1 8
+1 8
+1 8
+1 8
+1 8
+1 8
+1 8
+1 8
+1 8
+3 8
+1 8
+1 8
+1 8
+1 8
+1 8
+1 8
+1 8
+1 8
+1 8
+1 8
+1 8
+1 8
+1 8
+1 8
+1 8
+1 8
+1 8
+1 8
+1 8
+1 8
+1 8
+1 8
+4 24
+1 24
+1 24
+1 24
+1 24
+1 24
+1 24
+1 24
+1 24
+1 24
+1 24
+1 24
+1 24
+1 24
+1 24
+1 24
+1 24
+1 24
+1 24
+1 24
+1 24
+1 24
+1 24
+1 24
+1 24
+1 24
+1 24
+1 24
+1 24
+1 24
+1 24
+1 24
+1 24
+1 24
+1 24
+1 24
+1 24
+1 24
+1 24
+1 24
+1 24
+1 24
+1 24
+1 24
+1 24
+1 24
+1 24
+1 24
+1 24
+1 24
+1 24
+1 24
+1 24
+1 24
+1 24
+1 24
+1 24
+1 24
+1 24
+1 24
+1 24
+1 24
+1 24
+1 24
+1 24
+1 24
+1 24
+1 24
+1 24
+1 24
+1 24
+1 24
+1 24
+1 24
+1 24
+1 24
+1 24
+1 24
+1 24
+1 24
+1 24
+1 24
+1 24
+1 24
+1 24
+1 24
+1 24
+1 24
+1 24
+1 24
+1 24
+1 24
+1 24
+1 24
+1 24
+1 24
+1 24
+1 24
+1 24
+1 24
+1 24
+1 24
+1 24
+1 24
+1 24
+1 24
+1 24
+1 24
+1 24
+1 24
+1 24
+1 24
+1 24
+1 24
+1 24
+1 24
+1 24
+1 24
+1 24
+1 24
+1 24
+1 24
+1 24
+1 24
+1 24
+1 24
+1 24
+1 24
+1 24
+1 24
+1 24
+1 24
+1 24
+1 24
+1 24
+1 24
+1 24
+1 24
+1 24
+1 24
+1 24
+1 24
+1 24
+1 24
+1 24
+1 24
+1 24
+1 24
+1 24
+1 24
+1 24
+1 24
+1 24
+1 24
+1 24
+1 24
+1 24
+1 24
+1 24
+1 24
+1 24
+1 24
+1 24
+1 24
+1 24
+1 24
+1 24
+1 24
+1 24
+1 24
+1 24
+1 24
+1 24
+1 24
+1 24
+1 24
+1 24
+1 24
+1 24
+1 24
+1 24
+1 24
+1 24
+1 24
+1 24
+1 24
+1 24
+1 24
+1 24
+1 24
+1 24
+1 24
+1 24
+1 24
+1 24
+1 24
+1 24
+1 24
+1 24
+1 24
+1 24
+1 24
+1 24
+1 24
+1 24
+1 24
+1 24
+1 24
+1 24
+1 24
+1 24
+1 24
+1 24
+1 24
+1 24
+1 24
+1 24
+1 24
+1 24
+1 24
+1 24
+1 24
+1 24
+1 24
+1 24
+1 24
+1 24
+1 24
+1 24
+1 24
+1 24
+1 24
+1 24
+1 24
+1 24
+1 24
+1 24
+1 24
+1 24
+1 24
+1 24
+1 24
+1 24
+1 24
+1 24
+1 24
+1 24
+1 24
+1 24
+1 24
+1 24
+1 24
+1 24
+1 24
+1 24
+1 24
+1 24
+1 24
+1 24
+1 24
+1 24
+1 24
+1 24
+1 24
+1 24
+1 24
+1 24
+1 24
+1 24
+1 24
+1 24
+1 24
+1 24
+1 24
+1 24
+1 24
+1 24
+1 24
+1 24
+1 24
+1 24
+1 24
+1 24
+1 24
+1 24
+1 24
+1 24
+1 24
+1 24
+1 24
+1 24
+1 24
+1 24
+1 24
+1 24
+1 24
+1 24
+1 24
+1 24
+1 24
+1 24
+1 24
+1 24
+1 24
+1 24
+1 24
+1 24
+1 24
+1 24
+1 24
+1 24
+1 24
+1 24
+1 24
+1 24
+1 24
+1 24
+1 24
+1 24
+1 24
+1 24
+1 24
+1 24
+1 24
+1 24
+1 24
+1 24
+1 24
+1 24
+1 24
+1 24
+1 24
+1 24
+1 24
+1 24
+1 24
+1 24
+1 24
+1 24
+1 24
+1 24
+1 24
+1 24
+1 24
+1 24
+1 24
+1 24
+1 24
+1 24
+1 24
+1 24
+1 24
+1 24
+1 24
+1 24
+1 24
+1 24
+1 24
+1 24
+1 24
+1 24
+1 24
+1 24
+1 24
+1 24
+1 24
+1 24
+1 24
+1 24
+1 24
+1 24
+1 24
+1 24
+1 24
+1 24
+1 24
+1 24
+1 24
+1 24
+1 24
+1 24
+1 24
+1 24
+1 24
+1 24
+1 24
+1 24
+1 24
+1 24
+1 24
+1 24
+1 24
+1 24
+1 24
+1 24
+1 24
+1 24
+1 24
+1 24
+1 24
+1 24
+1 24
+1 24
+1 24
+1 24
+1 24
+1 24
+1 24
+1 24
+1 24
+1 24
+1 24
+1 24
+1 24
+1 24
+1 24
+1 24
+1 24
+1 24
+1 24
+1 24
+1 24
+1 24
+1 24
+1 24
+1 24
+1 24
+1 24
+1 24
+1 24
+1 24
+1 24
+1 24
+1 24
+1 24
+1 24
+1 24
+1 24
+1 24
+1 24
+1 24
+1 24
+1 24
+1 24
+1 24
+1 24
+1 24
+1 24
+1 24
+1 24
+1 24
+1 24
+1 24
+1 24
+1 24
+1 24
+1 24
+1 24
+1 24
+1 24
+1 24
+1 24
+1 24
+1 24
+1 24
+1 24
+1 24
+1 24
+1 24
+1 24
+1 24
+1 24
+1 24
+1 24
+1 24
+1 24
+1 24
+1 24
+1 24
+1 24
+1 24
+1 24
+1 24
+1 24
+1 24
+1 24
+1 24
+1 24
+1 24
+1 24
+1 24
+1 24
+1 24
+1 24
+1 24
+1 24
+1 24
+1 24
+1 24
+1 24
+1 24
+1 24
+1 24
+1 24
+1 24
+1 24
+1 24
+1 24
+1 24
+1 24
+1 24
+1 24
+1 24
+1 24
+1 24
+1 24
+1 24
+1 24
+1 24
+1 24
+1 24
+1 24
+1 24
+1 24
+1 24
+1 24
+1 24
+1 24
+1 24
+1 24
+1 24
+1 24
+1 24
+1 24
+1 24
+1 24
+1 24
+1 24
+1 24
+1 24
+1 24
+1 24
+1 24
+1 8
+1 8
+1 8
+1 8
+1 8
+1 8
+1 8
+1 8
+1 8
+1 8
+1 8
+1 8
+1 8
+1 8
+1 8
+1 8
+1 8
+1 8
+1 8
+1 8
+1 8
+1 8
+1 8
+1 8
+1 8
+1 8
+1 8
+1 8
+1 8
+1 8
+1 8
+1 8
+1 8
+1 8
+1 8
+1 8
+1 8
+1 8
+1 8
+1 8
+1 8
+1 8
+1 8
+1 8
+1 8
+1 8
+1 8
+1 8
+1 8
+1 8
+1 8
+1 8
+1 8
+1 8
+1 8
+1 8
+1 8
+1 8
+1 8
+1 8
+1 8
+1 8
+1 8
+1 8
+1 8
+1 8
+1 8
+1 8
+1 8
+1 8
+1 8
+1 8
+1 8
+1 8
+1 8
+1 8
+1 8
+1 8
+1 8
+1 8
+1 8
+1 8
+1 8
+1 8
+1 8
+1 8
+1 8
+1 8
+1 8
+1 8
+1 8
+1 8
+1 8
+1 8
+1 8
+1 8
+1 8
+1 8
+1 8
+1 8
+1 8
+1 8
+1 8
+1 8
+1 8
+1 8
+1 8
+1 8
+1 8
+1 8
+1 8
+1 8
+1 8
+1 8
+1 8
+1 8
+1 8
+1 8
+1 8
+1 8
+1 8
+1 8
+1 8
+1 8
+1 8
+1 8
+1 8
+1 8
+1 8
+1 8
+1 8
+1 8
+1 8
+1 8
+1 8
+1 8
+1 8
+1 8
+1 8
+1 8
+1 8
+1 8
+1 8
+1 8
+1 8
+1 8
+1 8
+1 8
+1 8
+1 8
+1 8
+1 8
+1 8
+1 8
+1 8
+1 8
+1 8
+1 8
+1 8
+1 8
+1 8
+1 8
+1 8
+1 8
+1 8
+1 8
+1 8
+1 8
+1 8
+1 8
+1 8
+1 8
+1 8
+1 8
+1 8
+1 8
+1 8
+1 8
+1 8
+1 8
+1 8
+1 8
+1 8
+1 8
+1 8
+1 8
+1 8
+1 8
+1 8
+1 8
+1 8
+1 8
+1 8
+1 8
+1 8
+1 8
+1 8
+1 8
+1 8
+1 8
+1 8
+1 8
+1 8
+1 8
+1 8
+1 8
+1 8
+1 8
+1 8
+1 8
+1 8
+1 8
+1 8
+1 8
+1 8
+1 8
+1 8
+1 8
+1 8
+1 8
+1 8
+1 8
+1 8
+1 8
+1 8
+1 8
+1 8
+1 8
+1 8
+1 8
+1 8
+1 8
+1 8
+1 8
+1 8
+1 8
+1 8
+1 8
+1 8
+1 8
+1 8
+1 8
+1 8
+1 8
+1 8
+1 8
+1 8
+1 8
+1 8
+1 8
+1 8
+1 8
+1 8
+1 8
+1 8
+1 8
+1 8
+1 8
+1 8
+1 8
+1 8
+1 8
+1 8
+1 8
+1 8
+1 8
+1 8
+1 8
+1 8
+1 8
+1 8
+1 8
+1 8
+1 8
+1 8
+1 8
+1 8
+1 8
+1 8
+1 8
+1 8
+1 8
+1 8
+1 8
+1 8
+1 8
+1 8
+1 8
+1 8
+1 8
+1 8
+1 8
+1 8
+1 8
+1 8
+1 8
+1 8
+1 8
+1 8
+1 8
+1 8
+1 8
+1 8
+1 8
+1 8
+1 8
+1 8
+1 8
+1 8
+1 8
+1 8
+1 8
+1 8
+1 8
+1 8
+1 8
+1 8
+1 8
+1 8
+1 8
+1 8
+1 8
+1 8
+1 8
+1 8
+1 8
+1 8
+1 8
+1 8
+1 8
+1 8
+1 8
+1 8
+1 8
+1 8
+1 8
+1 8
+1 8
+1 8
+1 8
+1 8
+1 8
+1 8
+1 8
+1 8
+1 8
+1 8
+1 8
+1 8
+1 8
+1 8
+1 8
+1 8
+1 8
+1 8
+1 8
+1 8
+1 8
+1 8
+1 8
+1 8
+1 8
+1 8
+1 8
+1 8
+1 8
+1 8
+1 8
+1 8
+1 8
+1 8
+1 8
+1 8
+1 8
+1 8
+1 8
+1 8
+1 8
+1 8
+1 8
+1 8
+1 8
+1 8
+1 8
+1 8
+1 8
+1 8
+1 8
+1 8
+1 8
+1 8
+1 8
+1 8
+1 8
+1 8
+1 8
+1 8
+1 8
+1 8
+1 8
+1 8
+1 8
+1 8
+1 8
+1 8
+1 8
+1 8
+1 8
+1 8
+1 8
+1 8
+1 8
+1 8
+1 8
+1 8
+1 8
+1 8
+1 8
+2 8
+1 8
+1 8
+1 8
+1 8
+1 8
+1 8
+1 8
+1 8
+2 8
+2 8
+1 8
+1 8
+1 8
+1 8
+1 8
+1 8
+1 8
+1 8
+2 8
+2 8
+1 8
+2 8
+2 8
+2 8
+2 8
+2 8
+2 16

fl=(29)
fn=(318)
804 5
fi=(40)
268 2
fe=(29)
2201 64
804 6

fl=(9)
fn=(18)
227 6
+1 2
cob=(2)
cfi=(11)
cfn=(22)
calls=2 -92 
* 12
* 2
* 4
+3 4

fl=(45)
fn=(298)
418 5
+1 20
+4 10
-1 5
+1 15
cfn=(284) AWS_LC_TRAMPOLINE_aws_lc_0_41_0_SHA256_Update
calls=5 89 
* 4674

fn=(302)
426 24
+1 4
+5 2
-1 4
+1 6
+39 22
-31 6
+2 2
-2 2
cfi=(44)
cfn=(216)
calls=2 25 
* 6
+2 2
-2 2
+2 8
cfn=(304) AWS_LC_TRAMPOLINE_aws_lc_0_41_0_SHA256_Final
calls=2 89 
* 4512
* 4
fi=(13)
29 138
fe=(45)
446 10
cfn=(284)
calls=2 89 
* 160
* 4
+3 6
cfn=(304)
calls=2 89 
* 4492
* 2
fi=(13)
29 128
fe=(45)
452 2
+3 6
cfi=(15)
cfn=(82)
calls=2 256 
* 50
+2 4
+2 4
+1 4
+2 4

fn=(222)
323 24
+1 6
+2 10
+3 6
cfi=(44)
cfn=(214)
calls=1 23 
* 3
* 2
+5 4
+5 3
-34 2
128 3
cfi=(9)
cfn=(18)
calls=1 +99 
* 15
+23 2
416 22
-82 4
+32 2
cfi=(44)
cfn=(272)
calls=1 27 
* 3
+1 1
-1 1
+1 2
+1 2
+7 23
+1 22
+1 2
+11 5
+1 6
-1 2
+1 3
-1 2
+1 3
-1 2
+1 3
-1 2
-37 1
+64 4
305 3
+86 4
cfn=(280) AWS_LC_TRAMPOLINE_aws_lc_0_41_0_SHA256_Init
calls=1 89 
* 16
* 4
+1 4
cfn=(284)
calls=1 89 
* 2194
-1 2
+4 5
+1 6
-1 2
+1 3
-1 2
+1 3
-1 2
+1 3
-1 5
+3 3
cfn=(280)
calls=1 89 
* 16
* 2
+1 5
cfn=(284)
calls=1 89 
* 2194
-1 2
fi=(33)
853 2
fi=(13)
29 5
cob=(2)
cfi=(30)
cfn=(98)
calls=1 255 
* 12
* 1
* 2
fe=(45)
336 1
+8 3
fi=(13)
29 63
fe=(45)
404 1
+4 3
cfi=(15)
cfn=(82)
calls=1 256 
* 39
+1 3
cfi=(15)
cfn=(82)
calls=1 256 
* 39
+2 1
151 2
307 1
+5 2

fn=(280)
89 4
cfi=(46)
cfn=(282)
calls=2 -60 
* 28

fn=(304)
89 8
cfi=(46)
cfn=(306)
calls=4 +65 
* 8996

fn=(218)
270 1
fi=(13)
59 1
fe=(45)
270 1
fi=(13)
59 160
fe=(45)
272 1

fn=(284)
89 18
cfi=(46)
cfn=(286)
calls=9 +38 
* 9204

fn=(316)
283 1
+2 2
cfi=(15)
cfn=(82)
calls=1 -29 
* 98

totals: 20683
