# callgrind format
version: 1
creator: callgrind-3.22.0
pid: 37574
cmd:  target/release/deps/bench-16caf08bffb047d9
part: 327


desc: I1 cache: 
desc: D1 cache: 
desc: LL cache: 

desc: Timerange: Basic block 473910 - 474957
desc: Trigger: Client Request: crypto/hkdf/psk/sha512_fresh/prk_len=32,label_len=8,out_len=32 [cold]

positions: line
events: Ir
summary: 18446744073709536983


ob=(2) /usr/lib/x86_64-linux-gnu/libc.so.6
fl=(30) ./string/../sysdeps/x86_64/multiarch/memmove-vec-unaligned-erms.S
fn=(98) __memcpy_avx_unaligned_erms
255 5
+1 5
+6 5
+1 5
+2 3
+1 3
+1 3
+3 3
+1 3
+1 3
+3 6
+30 2
+1 2
+2 2
+1 2
+2 1
+4 1
+1 1
+1 1
+1 1
+1 1
+4 1
+2 1
+39 1
+1 1
+1 1
+1 1
+1 1

fl=(25) ./string/../sysdeps/x86_64/multiarch/memset-vec-unaligned-erms.S
fn=(86) __memset_avx2_unaligned_erms
158 7
+1 14
+5 7
+1 7
+1 6
+1 6
+1 6
+2 3
+1 3
+1 6
+65 3
+1 3
+6 3
+1 3
+12 3
+3 3
+1 3
+12 3
+1 3
+13 3
+1 3
+2 3
+3 1
+3 1
+3 1
+1 1
+1 1
+1 1
+1 1
+1 1
+1 1
-6 7
+1 7
+1 7
+1 7
+1 7
+1 7
+1 8
+3 1
+1 1
+1 1
+1 1
+3 2
-6 2
+1 2
+1 2
+1 2
+3 4
+23 1
+9 1
+1 1
+5 1
+1 1
+36 1
+1 1
+5 1

fl=(16) ./malloc/./malloc/malloc.c
fn=(150) free
3359 3
+4 6
-4 9
+14 3
-14 9
+12 3
+4 3
-4 3
+4 6
+17 9
fi=(17) ./malloc/./malloc/arena.c
153 9
fe=(16)
3398 9
cfn=(154) _int_free
calls=3 4495 
* 181
+3 3
+1 18

fn=(154)
4495 21
+4 9
+6 12
+1 6
+4 15
+8 12
-1 6
+1 6
+29 3
-20 3
-6 3
+6 6
+20 12
1792 1
4561 2
+11 4
+2 3
1992 1
4593 1
1992 2
4595 1
+1 1
+4 2
+2 1
-2 1
+2 1
+4 2
+2 3
+1 1
+19 2
+30 18
3163 2
+4 2
-4 2
+2 8
+1 2
+1 2
4550 2

fn=(42) _int_malloc
3846 11
1326 2
+19 6
3887 2
1794 1
3914 2
+65 2
-63 4
+3 1
+2 2
+59 1
+2 1
-2 1
+2 2
+2 1
+1 2
+6 1
-4 1
+1 1
+1 1
+2 2
+7 4
-1 2
+1 2
+5 5
+1 2
-74 3
4487 12
1985 1
4020 1
1985 2

fn=(198) calloc
3699 2
+10 1
-10 7
+10 8
+8 2
+3 3
+2 2
+34 5
fi=(17)
153 2
fe=(16)
3732 1
+1 1
+21 2
-21 2
+21 1
cfn=(42)
calls=1 +92 
* 81
+2 2
+81 8
-41 1
-12 1
+12 2
+3 5
+8 1
+2 2
+2 2
+5 1
+2 1
-2 1
+3 2
+2 1
+2 2
-67 3
+3 3

fn=(40) malloc
3294 16
+7 4
1326 4
+19 9
3311 2
+2 8
+3 4
+2 6
3178 4
+4 4
+4 2
+4 2
-4 6
+4 2
+1 2
3354 12

fl=(11) ./nptl/./nptl/pthread_once.c
fn=(22) pthread_once@@GLIBC_2.34
136 2
+3 2
+1 4
+4 4

ob=(1) /home/runner/work/s2n-quic/s2n-quic/target/release/deps/bench-16caf08bffb047d9
fl=(41) /home/runner/.cargo/registry/src/index.crates.io-1949cf8c6b5b557f/aws-lc-rs-1.17.0/src/digest.rs
fn=(204) aws_lc_rs::digest::match_digest_type
365 4
+2 5
+5 1
cfi=(42) /aws-lc/crypto/fipsmodule/digest/digests.c
cfn=(236) aws_lc_0_41_0_EVP_sha512
calls=1 207 
* 24
* 1
fi=(18) /home/runner/.cargo/registry/src/index.crates.io-1949cf8c6b5b557f/aws-lc-rs-1.17.0/src/ptr.rs
143 2
fe=(41)
380 3

fl=(44) /aws-lc/crypto/fipsmodule/digest/digest.c
fn=(216) aws_lc_0_41_0_EVP_MD_size
25 6

fn=(214) aws_lc_0_41_0_EVP_MD_flags
23 6

fn=(272) aws_lc_0_41_0_EVP_MD_block_size
27 3

fl=(15) /aws-lc/crypto/mem.c
fn=(82) aws_lc_0_41_0_OPENSSL_cleanse
256 5
+2 20
-2 5
fi=(13) /usr/include/x86_64-linux-gnu/bits/string_fortified.h
59 10
fe=(15)
256 5
fi=(13)
59 5
cob=(2)
cfi=(25)
cfn=(86)
calls=5 +99 
* 161
* 5
fe=(15)
274 10

fl=(2) /home/runner/work/s2n-quic/s2n-quic/dc/s2n-quic-dc-benches/src/bench.rs
fn=(2) s2n_quic_dc_benches::bench::cachegrind_backend::Criterion::run_bench
fi=(3) /home/runner/.cargo/registry/src/index.crates.io-1949cf8c6b5b557f/crabgrind-0.2.6/src/requests/mod.rs
cfi=(1) /home/runner/.cargo/registry/src/index.crates.io-1949cf8c6b5b557f/crabgrind-0.2.6/valgrind/native.c
cfn=(0) valgrind_client_request_expr
calls=1 30 
17 18446744073709522423
fe=(2)

fn=(3) s2n_quic_dc_benches::bench::cachegrind_backend::Criterion::run_bench'2
272 2
cfn=(6) s2n_quic_dc_benches::bench::cachegrind_backend::BenchmarkGroup::bench_with_input::{{closure}}
calls=1 -82 
* 14549
fi=(3)
17 9
cfi=(1)
cfn=(0)
calls=1 -2 
* 25
* 8
fe=(2)

fn=(6)
190 8
fi=(39) /home/runner/work/s2n-quic/s2n-quic/dc/s2n-quic-dc-benches/src/crypto/hkdf.rs
51 2
-51 1
fi=(36) /rustc/f8297e351a40c1439a467bbbb6879088047f50b3/library/core/src/intrinsics/mod.rs
457 1
fe=(2)
190 2
fi=(28) /rustc/f8297e351a40c1439a467bbbb6879088047f50b3/library/alloc/src/raw_vec/mod.rs
467 1
fi=(27) /rustc/f8297e351a40c1439a467bbbb6879088047f50b3/library/std/src/sys/alloc/unix.rs
14 2
cob=(2)
cfi=(16)
cfn=(40)
calls=1 3294 
* 45
fi=(28)
476 2
0 2
fi=(29) /rustc/f8297e351a40c1439a467bbbb6879088047f50b3/library/core/src/ptr/mod.rs
709 4
cob=(2)
cfi=(25)
cfn=(86)
calls=1 158 
* 12
fi=(31) /rustc/f8297e351a40c1439a467bbbb6879088047f50b3/library/core/src/hint.rs
472 4
fi=(39)
52 2
-52 1
fi=(36)
457 1
fi=(28)
+10 1
fi=(27)
14 2
cob=(2)
cfi=(16)
cfn=(40)
calls=1 3294 
* 42
fi=(28)
476 2
0 2
fi=(29)
709 4
cob=(2)
cfi=(25)
cfn=(86)
calls=1 158 
* 13
fi=(31)
472 4
0 1
fi=(36)
457 1
fi=(28)
+10 1
0 1
fi=(27)
36 3
cob=(2)
cfi=(16)
cfn=(198)
calls=1 3699 
* 158
fi=(28)
476 2
fi=(31)
-4 4
fi=(39)
54 17
fi=(28)
508 1
fi=(38) /rustc/f8297e351a40c1439a467bbbb6879088047f50b3/library/alloc/src/vec/mod.rs
1671 2
fi=(39)
55 2
cfn=(192) s2n_quic_dc_benches::crypto::hkdf::awslc::prk
calls=1 +15 
* 47
-55 1
fi=(28)
508 1
fi=(38)
1671 1
fi=(28)
508 1
fi=(38)
1703 1
fi=(39)
56 3
cfn=(200) s2n_quic_dc_benches::crypto::hkdf::awslc::derive_psk
calls=1 +19 
* 13769
-56 1
57 1
cfi=(29)
cfn=(318) core::ptr::drop_in_place<aws_lc_rs::hkdf::Prk>
calls=1 804 
* 77
fi=(28)
523 2
fi=(27)
48 2
cob=(2)
cfi=(16)
cfn=(150)
calls=1 3359 
* 85
fi=(28)
523 2
fi=(27)
48 2
cob=(2)
cfi=(16)
cfn=(150)
calls=1 3359 
* 85
fi=(28)
523 2
fi=(27)
48 2
cob=(2)
cfi=(16)
cfn=(150)
calls=1 3359 
* 104
fe=(2)
190 7

fl=(1)
fn=(0)
15 8
+2 12
+13 3
-13 2
+13 7

fl=(39)
fn=(192)
70 6
fi=(40) /home/runner/.cargo/registry/src/index.crates.io-1949cf8c6b5b557f/aws-lc-rs-1.17.0/src/hkdf.rs
312 2
0 3
315 5
0 1
fi=(29)
547 1
cob=(2)
cfi=(30)
cfn=(98)
calls=1 255 
* 12
fi=(26) /rustc/f8297e351a40c1439a467bbbb6879088047f50b3/library/core/src/result.rs
1177 11
fe=(39)
72 6

fn=(200)
75 9
fi=(50) /home/runner/.cargo/registry/src/index.crates.io-1949cf8c6b5b557f/aws-lc-rs-1.17.0/src/hmac.rs
+56 1
fi=(40)
342 6
0 3
394 2
0 1
396 6
0 1
fi=(29)
547 3
cob=(2)
cfi=(30)
cfn=(98)
calls=1 255 
* 13
fi=(40)
189 3
cfi=(41)
cfn=(204)
calls=1 365 
* 40
+2 2
+7 1
-6 1
+1 8
cfi=(43) /aws-lc/crypto/fipsmodule/hkdf/hkdf.c
cfn=(212) aws_lc_0_41_0_HKDF_expand
calls=1 93 
* 13658
* 1
0 2
fe=(39)
83 8

fl=(43)
fn=(212)
93 13
+4 1
-4 5
+4 1
cfi=(44)
cfn=(214)
calls=1 -74 
* 3
* 2
+7 2
cfi=(44)
cfn=(216)
calls=1 -79 
* 3
* 3
+6 6
+1 4
+9 5
cfi=(45) /aws-lc/crypto/fipsmodule/hmac/hmac.c
cfn=(218) aws_lc_0_41_0_HMAC_CTX_init
calls=1 270 
* 164
+1 6
cfi=(45)
cfn=(222) aws_lc_0_41_0_HMAC_Init_ex
calls=1 323 
* 6571
* 4
+5 1
+2 2
+11 1
-9 1
+2 2
+7 3
-1 3
-1 1
+1 1
cfi=(45)
cfn=(298) aws_lc_0_41_0_HMAC_Update
calls=1 418 
* 69
* 2
+1 4
cfi=(45)
cfn=(298)
calls=1 418 
* 75
-1 2
+2 4
cfi=(45)
cfn=(302) aws_lc_0_41_0_HMAC_Final
calls=1 426 
* 6512
-1 2
+2 1
-1 2
+5 5
+1 2
fi=(33) /aws-lc/crypto/fipsmodule/../internal.h
853 2
fe=(43)
148 1
fi=(13)
29 2
fe=(43)
+99 1
+20 1
fi=(13)
29 1
cob=(2)
cfi=(30)
cfn=(98)
calls=1 255 
* 12
* 1
fe=(43)
149 1
-21 1
+21 1
-21 2
+40 11
-13 3
cfi=(15)
cfn=(82)
calls=1 256 
* 25
+1 2
cfi=(45)
cfn=(316) aws_lc_0_41_0_HMAC_CTX_cleanup
calls=1 283 
* 101
+11 2

fl=(42)
fn=(236)
207 6
cfi=(9) /aws-lc/crypto/thread_pthread.c
cfn=(18) aws_lc_0_41_0_CRYPTO_once
calls=1 +20 
* 15
* 3

fl=(29)
fn=(318)
804 5
fi=(40)
268 2
fe=(29)
2201 64
804 6

fl=(9)
fn=(18)
227 6
+1 2
cob=(2)
cfi=(11)
cfn=(22)
calls=2 -92 
* 12
* 2
* 4
+3 4

fl=(45)
fn=(298)
418 2
+1 8
+4 4
-1 2
+1 6
cfn=(352) AWS_LC_TRAMPOLINE_aws_lc_0_41_0_SHA512_Update
calls=2 91 
* 122

fn=(302)
426 12
+1 2
+5 1
-1 2
+1 3
+39 11
-31 3
+2 1
-2 1
cfi=(44)
cfn=(216)
calls=1 25 
* 3
+2 1
-2 1
+2 4
cfn=(354) AWS_LC_TRAMPOLINE_aws_lc_0_41_0_SHA512_Final
calls=1 91 
* 3113
* 2
fi=(13)
29 69
fe=(45)
446 5
cfn=(352)
calls=1 91 
* 65
* 2
+3 3
cfn=(354)
calls=1 91 
* 3106
* 1
fi=(13)
29 64
fe=(45)
452 1
+3 3
cfi=(15)
cfn=(82)
calls=1 256 
* 25
+2 2
+2 2
+1 2
+2 2

fn=(222)
323 12
+1 3
+2 5
+3 4
cfi=(44)
cfn=(214)
calls=1 23 
* 3
* 2
+5 4
+5 3
-34 2
128 3
cfi=(9)
cfn=(18)
calls=1 +99 
* 15
+23 8
416 11
-50 2
cfi=(44)
cfn=(272)
calls=1 27 
* 3
+1 1
-1 1
+1 2
+1 2
+7 23
+1 22
+1 2
+11 5
+1 6
-1 2
+1 3
-1 2
+1 3
-1 2
+1 3
-1 2
+1 3
-1 2
+1 3
-1 2
+1 3
-1 2
+1 3
-1 2
+27 2
305 3
+86 4
cfn=(348) AWS_LC_TRAMPOLINE_aws_lc_0_41_0_SHA512_Init
calls=1 91 
* 17
* 4
+1 4
cfn=(352)
calls=1 91 
* 3049
-1 2
+4 5
+1 6
-1 2
+1 3
-1 2
+1 3
-1 2
+1 3
-1 2
+1 3
-1 2
+1 3
-1 2
+1 3
-1 2
+1 3
-1 5
+3 3
cfn=(348)
calls=1 91 
* 17
* 2
+1 5
cfn=(352)
calls=1 91 
* 3049
-1 2
fi=(33)
853 2
fi=(13)
29 5
cob=(2)
cfi=(30)
cfn=(98)
calls=1 255 
* 12
* 1
* 65
fe=(45)
404 1
+4 3
cfi=(15)
cfn=(82)
calls=1 256 
* 39
+1 3
cfi=(15)
cfn=(82)
calls=1 256 
* 39
+2 1
307 1
+5 2
151 2

fn=(348)
91 4
cfi=(51) /aws-lc/crypto/fipsmodule/sha/sha512.c
cfn=(350) aws_lc_0_41_0_SHA512_Init
calls=2 -51 
* 30

fn=(352)
91 10
cfi=(51)
cfn=(328) aws_lc_0_41_0_SHA512_Update
calls=5 259 
* 6275

fn=(218)
270 1
fi=(13)
59 1
fe=(45)
270 1
fi=(13)
59 160
fe=(45)
272 1

fn=(316)
283 1
+2 2
cfi=(15)
cfn=(82)
calls=1 -29 
* 98

fn=(354)
91 4
cfi=(51)
cfn=(356) aws_lc_0_41_0_SHA512_Final
calls=2 307 
* 6215

fl=(51)
fn=(350)
40 2
+1 2
+11 2
-11 4
+11 2
+3 2
-14 14
+14 2

fn=(356)
307 8
+10 2
-10 14
+11 2
-5 2
+7 2
+1 2
-8 2
+9 4
fi=(13)
59 6
fe=(51)
328 2
fi=(33)
869 4
751 2
fe=(51)
641 6
fi=(33)
751 2
fi=(13)
29 2
fi=(33)
751 4
fi=(13)
29 2
fi=(48) /aws-lc/crypto/fipsmodule/digest/../sha/internal.h
298 8
fe=(51)
+42 4
+1 4
+1 4
fi=(33)
751 4
fi=(13)
29 2
fe=(51)
342 4
fi=(33)
751 4
fi=(13)
29 2
fe=(51)
342 4
fi=(33)
751 4
fi=(13)
29 2
fe=(51)
342 4
fi=(33)
751 4
fi=(13)
29 2
fe=(51)
342 4
fi=(33)
751 4
fi=(13)
29 2
fe=(51)
342 4
fi=(33)
751 4
fi=(13)
29 2
fe=(51)
342 4
fi=(33)
751 4
fi=(13)
29 2
fe=(51)
342 4
fi=(33)
751 4
fi=(13)
29 2
fe=(51)
314 2
+43 2
-43 14
fi=(20) /aws-lc/crypto/fipsmodule/aes/../cpucap/internal.h
64 2
fi=(48)
298 4
fe=(51)
641 2
cfi=(52) /aws-lc/generated-src/linux-x86_64/crypto/fipsmodule/sha512-x86_64.S
cfn=(334) aws_lc_0_41_0_sha512_block_data_order_avx
calls=2 1817 
* 5976
334 4
fi=(13)
59 41
fe=(51)
328 4

fn=(328)
259 5
+5 10
-5 5
+9 5
-9 15
+2 5
-2 35
+11 10
+5 5
-5 5
+3 15
+4 15
+1 1
+3 1
-3 1
+2 2
+19 4
+6 45
-13 8
fi=(13)
29 41
fe=(51)
301 4
fi=(48)
-3 2
fe=(51)
-5 2
641 4
293 2
fi=(48)
+5 6
fe=(51)
-3 2
+1 2
-1 2
+1 4
642 4
fi=(13)
29 3
cob=(2)
cfi=(30)
cfn=(98)
calls=1 255 
* 16
* 1
fe=(51)
282 1
+1 1
fi=(20)
64 2
fi=(48)
298 4
fe=(51)
641 2
cfi=(52)
cfn=(334)
calls=2 1817 
* 5976
+1 2

fl=(52)
fn=(334)
1817 4
+1 4
+2 4
+2 4
+2 4
+2 4
+2 4
+2 4
+2 4
+1 4
+1 4
+1 4
+1 4
+1 4
+1 4
+1 4
+4 4
+1 4
+1 4
+1 4
+1 4
+1 4
+1 4
+1 4
+1 4
+1 4
+3 4
+1 4
+1 4
+1 4
+1 4
+1 4
+1 4
+1 4
+1 4
+1 4
+1 4
+1 4
+1 4
+1 4
+1 4
+1 4
+1 4
+1 4
+1 4
+1 4
+1 4
+1 4
+1 4
+1 4
+1 4
+1 4
+1 4
+1 4
+1 4
+1 4
+1 4
+1 4
+1 4
+1 4
+1 4
+1 4
+1 4
+1 4
+1 4
+4 16
+1 16
+1 16
+1 16
+1 16
+1 16
+1 16
+1 16
+1 16
+1 16
+1 16
+1 16
+1 16
+1 16
+1 16
+1 16
+1 16
+1 16
+1 16
+1 16
+1 16
+1 16
+1 16
+1 16
+1 16
+1 16
+1 16
+1 16
+1 16
+1 16
+1 16
+1 16
+1 16
+1 16
+1 16
+1 16
+1 16
+1 16
+1 16
+1 16
+1 16
+1 16
+1 16
+1 16
+1 16
+1 16
+1 16
+1 16
+1 16
+1 16
+1 16
+1 16
+1 16
+1 16
+1 16
+1 16
+1 16
+1 16
+1 16
+1 16
+1 16
+1 16
+1 16
+1 16
+1 16
+1 16
+1 16
+1 16
+1 16
+1 16
+1 16
+1 16
+1 16
+1 16
+1 16
+1 16
+1 16
+1 16
+1 16
+1 16
+1 16
+1 16
+1 16
+1 16
+1 16
+1 16
+1 16
+1 16
+1 16
+1 16
+1 16
+1 16
+1 16
+1 16
+1 16
+1 16
+1 16
+1 16
+1 16
+1 16
+1 16
+1 16
+1 16
+1 16
+1 16
+1 16
+1 16
+1 16
+1 16
+1 16
+1 16
+1 16
+1 16
+1 16
+1 16
+1 16
+1 16
+1 16
+1 16
+1 16
+1 16
+1 16
+1 16
+1 16
+1 16
+1 16
+1 16
+1 16
+1 16
+1 16
+1 16
+1 16
+1 16
+1 16
+1 16
+1 16
+1 16
+1 16
+1 16
+1 16
+1 16
+1 16
+1 16
+1 16
+1 16
+1 16
+1 16
+1 16
+1 16
+1 16
+1 16
+1 16
+1 16
+1 16
+1 16
+1 16
+1 16
+1 16
+1 16
+1 16
+1 16
+1 16
+1 16
+1 16
+1 16
+1 16
+1 16
+1 16
+1 16
+1 16
+1 16
+1 16
+1 16
+1 16
+1 16
+1 16
+1 16
+1 16
+1 16
+1 16
+1 16
+1 16
+1 16
+1 16
+1 16
+1 16
+1 16
+1 16
+1 16
+1 16
+1 16
+1 16
+1 16
+1 16
+1 16
+1 16
+1 16
+1 16
+1 16
+1 16
+1 16
+1 16
+1 16
+1 16
+1 16
+1 16
+1 16
+1 16
+1 16
+1 16
+1 16
+1 16
+1 16
+1 16
+1 16
+1 16
+1 16
+1 16
+1 16
+1 16
+1 16
+1 16
+1 16
+1 16
+1 16
+1 16
+1 16
+1 16
+1 16
+1 16
+1 16
+1 16
+1 16
+1 16
+1 16
+1 16
+1 16
+1 16
+1 16
+1 16
+1 16
+1 16
+1 16
+1 16
+1 16
+1 16
+1 16
+1 16
+1 16
+1 16
+1 16
+1 16
+1 16
+1 16
+1 16
+1 16
+1 16
+1 16
+1 16
+1 16
+1 16
+1 16
+1 16
+1 16
+1 16
+1 16
+1 16
+1 16
+1 16
+1 16
+1 16
+1 16
+1 16
+1 16
+1 16
+1 16
+1 16
+1 16
+1 16
+1 16
+1 16
+1 16
+1 16
+1 16
+1 16
+1 16
+1 16
+1 16
+1 16
+1 16
+1 16
+1 16
+1 16
+1 16
+1 16
+1 16
+1 16
+1 16
+1 16
+1 16
+1 16
+1 16
+1 16
+1 16
+1 16
+1 16
+1 16
+1 16
+1 16
+1 16
+1 16
+1 16
+1 16
+1 16
+1 16
+1 16
+1 16
+1 16
+1 16
+1 16
+1 16
+1 16
+1 16
+1 16
+1 16
+1 16
+1 16
+1 16
+1 16
+1 16
+1 16
+1 16
+1 16
+1 16
+1 16
+1 16
+1 16
+1 16
+1 16
+1 16
+1 16
+1 16
+1 16
+1 16
+1 16
+1 16
+1 16
+1 16
+1 16
+1 16
+1 16
+1 16
+1 16
+1 16
+1 16
+1 16
+1 16
+1 16
+1 16
+1 16
+1 16
+1 16
+1 16
+1 16
+1 16
+1 16
+1 16
+1 16
+1 16
+1 16
+1 16
+1 16
+1 16
+1 16
+1 16
+1 16
+1 16
+1 16
+1 16
+1 16
+1 16
+1 16
+1 16
+1 16
+1 16
+1 16
+1 16
+1 16
+1 16
+1 16
+1 16
+1 16
+1 16
+1 16
+1 16
+1 16
+1 16
+1 16
+1 16
+1 16
+1 16
+1 16
+1 16
+1 16
+1 16
+1 16
+1 16
+1 16
+1 16
+1 16
+1 16
+1 16
+1 16
+1 16
+1 16
+1 16
+1 16
+1 16
+1 16
+1 16
+1 16
+1 16
+1 16
+1 16
+1 16
+1 16
+1 16
+1 16
+1 16
+1 16
+1 16
+1 16
+1 16
+1 16
+1 16
+1 16
+1 16
+1 16
+1 16
+1 16
+1 16
+1 16
+1 16
+1 16
+1 16
+1 16
+1 16
+1 16
+1 16
+1 16
+1 16
+1 16
+1 16
+1 16
+1 16
+1 16
+1 16
+1 16
+1 16
+1 16
+1 16
+1 16
+1 16
+1 16
+1 16
+1 16
+1 16
+1 16
+1 16
+1 16
+1 16
+1 16
+1 16
+1 16
+1 16
+1 16
+1 16
+1 16
+1 16
+1 16
+1 16
+1 16
+1 16
+1 16
+1 16
+1 16
+1 16
+1 16
+1 16
+1 16
+1 16
+1 16
+1 16
+1 16
+1 16
+1 16
+1 16
+1 16
+1 16
+1 16
+1 16
+1 16
+1 16
+1 16
+1 16
+1 16
+1 16
+1 16
+1 16
+1 16
+1 16
+1 16
+1 16
+1 16
+1 16
+1 16
+1 16
+1 16
+1 16
+1 16
+1 16
+1 16
+1 16
+1 16
+1 16
+1 16
+1 16
+1 16
+1 16
+1 16
+1 16
+1 16
+1 16
+1 16
+1 16
+1 16
+1 16
+1 16
+1 16
+1 16
+1 16
+1 16
+1 16
+1 16
+1 16
+1 16
+1 16
+1 16
+1 16
+1 16
+1 16
+1 16
+1 16
+1 16
+1 16
+1 16
+1 16
+1 16
+1 16
+1 16
+1 16
+1 16
+1 16
+1 16
+1 16
+1 16
+1 16
+1 16
+1 16
+1 16
+1 16
+1 16
+1 16
+1 16
+1 16
+1 16
+1 16
+1 16
+1 16
+1 16
+1 16
+1 16
+1 16
+1 16
+1 16
+1 16
+1 16
+1 16
+1 16
+1 16
+1 16
+1 16
+1 16
+1 16
+1 16
+1 16
+1 16
+1 16
+1 16
+1 16
+1 16
+1 16
+1 16
+1 16
+1 16
+1 16
+1 16
+1 16
+1 16
+1 16
+1 16
+1 16
+1 16
+1 16
+1 16
+1 16
+1 16
+1 16
+1 16
+1 4
+1 4
+1 4
+1 4
+1 4
+1 4
+1 4
+1 4
+1 4
+1 4
+1 4
+1 4
+1 4
+1 4
+1 4
+1 4
+1 4
+1 4
+1 4
+1 4
+1 4
+1 4
+1 4
+1 4
+1 4
+1 4
+1 4
+1 4
+1 4
+1 4
+1 4
+1 4
+1 4
+1 4
+1 4
+1 4
+1 4
+1 4
+1 4
+1 4
+1 4
+1 4
+1 4
+1 4
+1 4
+1 4
+1 4
+1 4
+1 4
+1 4
+1 4
+1 4
+1 4
+1 4
+1 4
+1 4
+1 4
+1 4
+1 4
+1 4
+1 4
+1 4
+1 4
+1 4
+1 4
+1 4
+1 4
+1 4
+1 4
+1 4
+1 4
+1 4
+1 4
+1 4
+1 4
+1 4
+1 4
+1 4
+1 4
+1 4
+1 4
+1 4
+1 4
+1 4
+1 4
+1 4
+1 4
+1 4
+1 4
+1 4
+1 4
+1 4
+1 4
+1 4
+1 4
+1 4
+1 4
+1 4
+1 4
+1 4
+1 4
+1 4
+1 4
+1 4
+1 4
+1 4
+1 4
+1 4
+1 4
+1 4
+1 4
+1 4
+1 4
+1 4
+1 4
+1 4
+1 4
+1 4
+1 4
+1 4
+1 4
+1 4
+1 4
+1 4
+1 4
+1 4
+1 4
+1 4
+1 4
+1 4
+1 4
+1 4
+1 4
+1 4
+1 4
+1 4
+1 4
+1 4
+1 4
+1 4
+1 4
+1 4
+1 4
+1 4
+1 4
+1 4
+1 4
+1 4
+1 4
+1 4
+1 4
+1 4
+1 4
+1 4
+1 4
+1 4
+1 4
+1 4
+1 4
+1 4
+1 4
+1 4
+1 4
+1 4
+1 4
+1 4
+1 4
+1 4
+1 4
+1 4
+1 4
+1 4
+1 4
+1 4
+1 4
+1 4
+1 4
+1 4
+1 4
+1 4
+1 4
+1 4
+1 4
+1 4
+1 4
+1 4
+1 4
+1 4
+1 4
+1 4
+1 4
+1 4
+1 4
+1 4
+1 4
+1 4
+1 4
+1 4
+1 4
+1 4
+1 4
+1 4
+1 4
+1 4
+1 4
+1 4
+1 4
+1 4
+1 4
+1 4
+1 4
+1 4
+1 4
+1 4
+1 4
+1 4
+1 4
+1 4
+1 4
+1 4
+1 4
+1 4
+1 4
+1 4
+1 4
+1 4
+1 4
+1 4
+1 4
+1 4
+1 4
+1 4
+1 4
+1 4
+1 4
+1 4
+1 4
+1 4
+1 4
+1 4
+1 4
+1 4
+1 4
+1 4
+1 4
+1 4
+1 4
+1 4
+1 4
+1 4
+1 4
+1 4
+1 4
+1 4
+1 4
+1 4
+1 4
+1 4
+1 4
+1 4
+1 4
+1 4
+1 4
+1 4
+1 4
+1 4
+1 4
+1 4
+1 4
+1 4
+1 4
+1 4
+1 4
+1 4
+1 4
+1 4
+1 4
+1 4
+1 4
+1 4
+1 4
+1 4
+1 4
+1 4
+1 4
+1 4
+1 4
+1 4
+1 4
+1 4
+1 4
+1 4
+1 4
+1 4
+1 4
+1 4
+1 4
+1 4
+1 4
+1 4
+1 4
+1 4
+1 4
+1 4
+1 4
+1 4
+1 4
+1 4
+1 4
+1 4
+1 4
+1 4
+1 4
+1 4
+1 4
+1 4
+1 4
+1 4
+1 4
+1 4
+1 4
+1 4
+1 4
+1 4
+1 4
+1 4
+1 4
+1 4
+1 4
+1 4
+1 4
+1 4
+1 4
+1 4
+1 4
+1 4
+1 4
+1 4
+1 4
+1 4
+1 4
+1 4
+1 4
+1 4
+1 4
+1 4
+1 4
+1 4
+1 4
+1 4
+1 4
+1 4
+1 4
+1 4
+1 4
+1 4
+1 4
+1 4
+1 4
+1 4
+1 4
+1 4
+1 4
+1 4
+1 4
+1 4
+1 4
+1 4
+1 4
+1 4
+1 4
+1 4
+1 4
+1 4
+1 4
+1 4
+1 4
+1 4
+1 4
+1 4
+1 4
+1 4
+1 4
+1 4
+1 4
+1 4
+1 4
+1 4
+1 4
+1 4
+1 4
+1 4
+1 4
+1 4
+1 4
+1 4
+1 4
+1 4
+1 4
+1 4
+1 4
+1 4
+1 4
+1 4
+1 4
+1 4
+1 4
+1 4
+1 4
+1 4
+1 4
+1 4
+1 4
+1 4
+1 4
+1 4
+1 4
+1 4
+2 4
+1 4
+1 4
+1 4
+1 4
+1 4
+1 4
+1 4
+1 4
+2 4
+2 4
+1 4
+1 4
+1 4
+1 4
+1 4
+1 4
+1 4
+1 4
+2 4
+2 4
+1 4
+2 4
+2 4
+2 4
+2 4
+2 4
+2 8

totals: 14600
